# DISTANCE:		AVE_GOFR:	 ERROR:
           0           0           0
           1           0           0
           2           0           0
           3           0           0
           4           0           0
           5           0           0
           6           0           0
           7           0           0
           8           0           0
           9           0           0
          10           0           0
          11           0           0
          12           0           0
          13           0           0
          14           0           0
          15           0           0
          16           0           0
          17           0           0
          18           0           0
          19           0           0
          20           0           0
          21           0           0
          22           0           0
          23           0           0
          24           0           0
          25           0           0
          26           0           0
          27           0           0
          28           0           0
          29           0           0
          30           0           0
          31           0           0
          32           0           0
          33           0           0
          34           0           0
          35           0           0
          36           0           0
          37           0           0
          38           0           0
          39           0           0
          40           0           0
          41           0           0
          42           0           0
          43           0           0
          44           0           0
          45           0           0
          46           0           0
          47           0           0
          48           0           0
          49           0           0
          50           0           0
          51           0           0
          52           0           0
          53           0           0
          54           0           0
          55           0           0
          56           0           0
          57           0           0
          58           0           0
          59           0           0
          60           0           0
          61           0           0
          62           0           0
          63           0           0
          64           0           0
          65           0           0
          66           0           0
          67           0           0
          68           0           0
          69           0           0
          70           0           0
          71           0           0
          72           0           0
          73           0           0
          74           0           0
          75           0           0
          76           0           0
          77           0           0
          78           0           0
          79           0           0
          80           0           0
          81           0           0
          82           0           0
          83           0           0
          84           0           0
          85           0           0
          86           0           0
          87           0           0
          88           0           0
          89           0           0
          90           0           0
          91           0           0
          92           0           0
          93           0           0
          94           0           0
          95           0           0
          96           0           0
          97           0           0
          98           0           0
          99           0           0
         100           0           0
         101           0           0
         102           0           0
         103           0           0
         104           0           0
         105           0           0
         106           0           0
         107           0           0
         108           0           0
         109           0           0
         110           0           0
         111           0           0
         112           0           0
         113           0           0
         114           0           0
         115           0           0
         116           0           0
         117           0           0
         118           0           0
         119           0           0
         120           0           0
         121           0           0
         122           0           0
         123           0           0
         124           0           0
         125           0           0
         126           0           0
         127           0           0
         128           0           0
         129           0           0
         130           0           0
         131           0           0
         132           0           0
         133           0           0
         134 6.03415e-05 2.69854e-05
         135  0.00014269 4.11905e-05
         136 0.000328083 6.20001e-05
         137 0.000981531 0.000106453
         138   0.0021283 0.000155608
         139  0.00453235  0.00022596
         140   0.0102301 0.000337142
         141   0.0178386 0.000442464
         142   0.0311143 0.000578101
         143    0.051515 0.000738935
         144   0.0818581 0.000924516
         145    0.119976  0.00111305
         146    0.170283  0.00131492
         147    0.233388  0.00153286
         148    0.312515  0.00175854
         149    0.405551  0.00199404
         150    0.500643  0.00219689
         151    0.612412  0.00241522
         152    0.733176  0.00262444
         153    0.854401  0.00281482
         154    0.993528   0.0030141
         155     1.11127  0.00316695
         156     1.23649  0.00332134
         157     1.36421  0.00346094
         158     1.48971  0.00360135
         159     1.60359  0.00372052
         160     1.70762  0.00380778
         161     1.80751  0.00389293
         162     1.88625   0.0039538
         163     1.97037  0.00401318
         164     2.04812  0.00406709
         165     2.09849  0.00409813
         166     2.13996  0.00410736
         167     2.19498  0.00412959
         168     2.22398  0.00414914
         169     2.24252     0.00413
         170     2.25732  0.00412508
         171     2.27898  0.00411257
         172     2.27711  0.00408291
         173     2.29258  0.00407169
         174     2.28266  0.00404467
         175      2.2693  0.00401927
         176     2.26939  0.00399082
         177     2.25835  0.00396784
         178     2.22354  0.00390343
         179     2.21461  0.00387878
         180     2.19545  0.00384892
         181     2.17893  0.00379675
         182     2.14537  0.00374458
         183     2.11701  0.00369392
         184     2.09842  0.00366929
         185     2.07656  0.00363169
         186     2.05296  0.00359147
         187     2.02347  0.00354453
         188     2.00035  0.00350544
         189      1.9726  0.00346588
         190     1.95677  0.00343556
         191     1.92853  0.00338839
         192     1.89726  0.00334305
         193     1.86948  0.00330213
         194     1.85115  0.00327639
         195       1.824  0.00323335
         196     1.80979  0.00319925
         197     1.76957  0.00315532
         198     1.74325  0.00310925
         199     1.72729  0.00307589
         200     1.70773  0.00304584
         201     1.68186  0.00300469
         202     1.66503  0.00298276
         203     1.64897  0.00295314
         204     1.62518  0.00291985
         205     1.60018  0.00287937
         206     1.59157   0.0028608
         207     1.56884  0.00281943
         208     1.55655  0.00280145
         209     1.53793  0.00276608
         210     1.51995  0.00273354
         211      1.5082  0.00271533
         212     1.49643  0.00269516
         213     1.47434  0.00265846
         214     1.45851  0.00263248
         215     1.45078  0.00260494
         216     1.43138  0.00258332
         217     1.41678  0.00256488
         218     1.40398  0.00253403
         219      1.3924  0.00251283
         220     1.37702  0.00248494
         221     1.37108  0.00246951
         222     1.35548  0.00244828
         223     1.34865  0.00242838
         224     1.33779  0.00241041
         225     1.32696  0.00239358
         226     1.31659  0.00237197
         227     1.31392  0.00235536
         228     1.30206  0.00233745
         229     1.29866  0.00231949
         230     1.27666  0.00229172
         231     1.27112   0.0022761
         232     1.26987  0.00226607
         233     1.25844   0.0022433
         234     1.25849  0.00223602
         235     1.24695  0.00221606
         236     1.23725  0.00219632
         237     1.23163  0.00218501
         238     1.22464   0.0021683
         239     1.21409  0.00215218
         240     1.20992  0.00213694
         241     1.21206  0.00212569
         242     1.20173  0.00211367
         243     1.19133  0.00209445
         244     1.19116  0.00208548
         245     1.18239  0.00207372
         246     1.17921  0.00205699
         247      1.1745  0.00204655
         248     1.16819  0.00203518
         249       1.167  0.00202439
         250     1.16265   0.0020119
         251      1.1575  0.00199725
         252     1.15865  0.00199074
         253     1.14958  0.00197502
         254     1.15025  0.00196648
         255     1.13833  0.00195117
         256     1.13848  0.00194367
         257      1.1287   0.0019261
         258     1.13253  0.00192442
         259     1.12438  0.00190965
         260     1.12332  0.00190467
         261     1.12147  0.00189033
         262     1.12035  0.00188979
         263     1.11758   0.0018717
         264     1.11383  0.00186067
         265     1.10619  0.00184922
         266     1.10659  0.00184374
         267     1.10163  0.00183564
         268     1.10763  0.00183319
         269     1.10264  0.00182365
         270     1.10132  0.00181511
         271     1.09838  0.00180439
         272     1.09283  0.00178964
         273     1.09635  0.00178994
         274     1.09172  0.00178086
         275     1.09102  0.00176924
         276     1.08358  0.00176029
         277     1.08633  0.00175547
         278     1.07901  0.00174389
         279     1.07865  0.00173329
         280       1.077  0.00172593
         281     1.07756  0.00172378
         282     1.07986  0.00171824
         283     1.07208   0.0017067
         284     1.07537  0.00170367
         285     1.07652   0.0016999
         286     1.07381  0.00168999
         287     1.07582  0.00168834
         288     1.07402  0.00167731
         289     1.07033  0.00167323
         290     1.06823  0.00166289
         291     1.06477  0.00165664
         292     1.06473  0.00164873
         293     1.06557  0.00164275
         294     1.06803   0.0016418
         295     1.06207  0.00163084
         296      1.0659   0.0016293
         297     1.06181  0.00161813
         298      1.0603  0.00161129
         299      1.0621  0.00161034
         300     1.06417  0.00160779
         301     1.05872   0.0015966
         302     1.06154  0.00159327
         303     1.06215   0.0015858
         304     1.06049  0.00157974
         305      1.0607  0.00157564
         306      1.0614  0.00156901
         307     1.05791  0.00156664
         308     1.05608  0.00155559
         309     1.06206  0.00155611
         310     1.05296  0.00154276
         311     1.05551  0.00154357
         312     1.05902  0.00153841
         313     1.05903    0.001534
         314     1.05826  0.00153031
         315     1.05905  0.00152336
         316     1.05838  0.00151759
         317     1.05498  0.00151445
         318     1.05723  0.00151066
         319      1.0536  0.00150183
         320      1.0538  0.00150327
         321     1.05491  0.00149555
         322     1.05749  0.00149196
         323     1.05474  0.00148497
         324     1.05587  0.00147867
         325     1.05726  0.00147743
         326     1.05583  0.00147073
         327      1.0522  0.00146958
         328     1.05536  0.00146212
         329     1.05346  0.00145997
         330      1.0525  0.00144989
         331     1.05168   0.0014468
         332     1.05155  0.00144306
         333     1.05158  0.00143734
         334     1.04988  0.00143236
         335     1.05307  0.00143167
         336     1.05008  0.00142195
         337     1.05345  0.00142093
         338     1.04979  0.00141481
         339     1.04728  0.00141144
         340     1.04997  0.00140769
         341     1.04959  0.00140259
         342     1.04832   0.0013998
         343     1.04764   0.0013929
         344     1.04845  0.00138877
         345     1.04643  0.00138658
         346     1.04908  0.00138249
         347     1.04438   0.0013745
         348     1.04786  0.00137182
         349     1.04258  0.00136663
         350     1.04611   0.0013654
         351     1.04521  0.00135919
         352      1.0444  0.00135558
         353     1.04638  0.00135506
         354     1.04521  0.00134919
         355     1.04226  0.00134364
         356     1.04117  0.00133894
         357     1.04247  0.00133499
         358     1.04255   0.0013306
         359     1.04028  0.00132779
         360     1.03947  0.00132094
         361     1.03813  0.00131803
         362     1.03716  0.00131394
         363     1.03567  0.00130952
         364      1.0391    0.001308
         365     1.04228  0.00130735
         366     1.03689  0.00129875
         367     1.03807   0.0012982
         368     1.03437  0.00129147
         369     1.03009  0.00128137
         370     1.03501  0.00128476
         371     1.03299  0.00127824
         372     1.03276  0.00127745
         373     1.03099  0.00127202
         374     1.03305  0.00126957
         375     1.03269  0.00126376
         376     1.02773  0.00126043
         377     1.03265  0.00125626
         378     1.03111  0.00125558
         379     1.03142   0.0012532
         380     1.02931  0.00124561
         381     1.02535  0.00124066
         382     1.02732  0.00123671
         383     1.02494  0.00123421
         384     1.02534  0.00123225
         385     1.02627  0.00122763
         386     1.02584  0.00122522
         387     1.02658  0.00122164
         388     1.02496  0.00121857
         389      1.0268  0.00121471
         390     1.02441  0.00121141
         391     1.02413  0.00120844
         392     1.02446  0.00120663
         393      1.0266  0.00120461
         394     1.02134  0.00119679
         395     1.02076  0.00119423
         396     1.02258  0.00119107
         397     1.02082  0.00118746
         398     1.01869  0.00118418
         399     1.02012  0.00118104
         400     1.01817  0.00117637
         401     1.01917  0.00117502
         402     1.01712  0.00117319
         403     1.01748  0.00116745
         404     1.01535  0.00116315
         405     1.01638  0.00116285
         406     1.01845  0.00115881
         407     1.01505   0.0011555
         408     1.01445  0.00115351
         409     1.01788  0.00115108
         410     1.01602  0.00114873
         411     1.01415    0.001145
         412     1.01281  0.00114095
         413       1.013  0.00113881
         414     1.01409  0.00113701
         415     1.01449  0.00113285
         416     1.01327  0.00112796
         417     1.01059  0.00112682
         418      1.0128  0.00112542
         419     1.01192  0.00112344
         420     1.01162  0.00111918
         421     1.00922  0.00111725
         422     1.01021  0.00111017
         423     1.01225  0.00111024
         424     1.00787  0.00110639
         425     1.01044  0.00110444
         426     1.00793  0.00109928
         427     1.00935  0.00109899
         428     1.00678  0.00109383
         429     1.00699   0.0010913
         430     1.01134  0.00109369
         431     1.00874  0.00108792
         432      1.0051  0.00108225
         433      1.0102  0.00108289
         434     1.00733  0.00108156
         435     1.01075  0.00107987
         436     1.00566  0.00107242
         437     1.00776  0.00107214
         438     1.00779  0.00107259
         439     1.00764  0.00106729
         440      1.0058  0.00106169
         441     1.00614  0.00106137
         442     1.00577  0.00105779
         443       1.006   0.0010566
         444     1.00496  0.00105342
         445     1.00518  0.00105172
         446     1.00619  0.00105018
         447     1.00323  0.00104381
         448     1.00672  0.00104477
         449     1.00548   0.0010433
         450     1.00453  0.00103993
         451     1.00549  0.00103735
         452     1.00537  0.00103448
         453     1.00319  0.00103022
         454     1.00351  0.00102922
         455     1.00285  0.00102666
         456     1.00365  0.00102466
         457     1.00468  0.00102349
         458     1.00594  0.00102166
         459     1.00221  0.00101874
         460     1.00313  0.00101698
         461     1.00295  0.00101693
         462    0.999708  0.00101053
         463      1.0018  0.00101097
         464      1.0013  0.00100447
         465     1.00205    0.001005
         466    0.999415  0.00100239
         467     1.00149 0.000998739
         468     1.00181 0.000997048
         469     0.99971 0.000994203
         470     1.00193 0.000994014
         471     1.00221 0.000997674
         472     1.00024 0.000989508
         473    0.998582 0.000987653
         474     1.00174 0.000987361
         475     1.00066  0.00098428
         476     1.00127 0.000981775
         477    0.998554 0.000978101
         478    0.999006 0.000975363
         479    0.999278 0.000974801
         480     1.00046 0.000971783
         481     1.00084 0.000971779
         482    0.998858 0.000967284
         483     1.00128 0.000968062
         484    0.997081 0.000961027
         485     1.00023  0.00096099
         486    0.996656 0.000959264
         487     0.99913 0.000960294
         488    0.999398 0.000956793
         489     0.99672 0.000953364
         490    0.996481 0.000949629
         491     0.99759 0.000947458
         492    0.994715 0.000945976
         493    0.998696 0.000947978
         494    0.997244 0.000942862
         495    0.995181 0.000941214
         496    0.997855 0.000941779
         497    0.995201 0.000936917
         498    0.996043 0.000936108
         499    0.995986 0.000934204
         500    0.998281  0.00093337
         501     0.99783 0.000932413
         502    0.996326 0.000928817
         503    0.997742 0.000929279
         504    0.998148 0.000924957
         505    0.998019 0.000924714
         506    0.995387 0.000918519
         507    0.998496 0.000920608
         508    0.993882 0.000917325
         509    0.996049 0.000913807
         510    0.997496 0.000913861
         511    0.995185 0.000912076
         512    0.997116 0.000909023
         513    0.996317  0.00090975
         514    0.996925 0.000906124
         515    0.997242  0.00090466
         516    0.994857 0.000903342
         517    0.994967 0.000900359
         518    0.994173 0.000899491
         519    0.994602 0.000897043
         520    0.994682 0.000894523
         521    0.995487 0.000892147
         522    0.994185 0.000891191
         523    0.993332 0.000892327
         524    0.997232 0.000891738
         525    0.995139 0.000887932
         526    0.994362 0.000884947
         527    0.996182 0.000884568
         528    0.993396 0.000879783
         529    0.995051   0.0008816
         530     0.99212 0.000878387
         531    0.994239 0.000876336
         532    0.993476 0.000876261
         533    0.996391 0.000874274
         534    0.995467 0.000872075
         535    0.993547  0.00087227
         536     0.99319 0.000866721
         537    0.995774 0.000867896
         538    0.995757 0.000865993
         539    0.993585  0.00086528
         540    0.993797 0.000861441
         541    0.994201 0.000861152
         542    0.994217 0.000858939
         543    0.995522 0.000855915
         544    0.992725 0.000854978
         545    0.993009 0.000854485
         546    0.992101 0.000851628
         547    0.991358 0.000850112
         548    0.993232 0.000849883
         549    0.991183 0.000846252
         550    0.992104  0.00084668
         551    0.993712 0.000845127
         552    0.993781 0.000842757
         553    0.992808 0.000839332
         554    0.993957 0.000839433
         555    0.990645 0.000835926
         556    0.994051  0.00083862
         557    0.992085 0.000836116
         558     0.99166 0.000832804
         559    0.990587 0.000831091
         560    0.992104 0.000830276
         561    0.993933 0.000828353
         562    0.992179 0.000827495
         563     0.99147 0.000826271
         564    0.992643  0.00082503
         565    0.993365 0.000823915
         566    0.992764 0.000820917
         567     0.99142 0.000820785
         568    0.989085 0.000817941
         569    0.990554  0.00081931
         570    0.990142 0.000815731
         571    0.989545 0.000812671
         572    0.992129 0.000812836
         573    0.991267 0.000811913
         574    0.990675 0.000808583
         575       0.991 0.000808629
         576    0.992451 0.000808394
         577    0.990182 0.000804413
         578    0.992545 0.000805914
         579     0.98953 0.000800707
         580    0.992251 0.000801328
         581    0.991439 0.000801039
         582    0.991006 0.000798617
         583    0.992433 0.000799672
         584    0.991729 0.000796257
         585    0.992111 0.000793681
         586    0.989946 0.000791983
         587    0.990623 0.000790642
         588    0.991487  0.00079158
         589    0.992408 0.000788646
         590    0.992256 0.000790413
         591    0.991426 0.000786325
         592    0.990159 0.000784495
         593    0.990569 0.000783073
         594    0.989349 0.000782694
         595    0.989657  0.00078046
         596    0.989117 0.000781239
         597    0.989484 0.000778852
         598    0.990686 0.000778235
         599    0.991502 0.000776241
         600    0.990104 0.000774732
         601     0.98932 0.000772478
         602    0.990153 0.000771574
         603    0.991126 0.000771421
         604    0.991466 0.000768554
         605    0.989924 0.000768849
         606    0.989973 0.000766411
         607    0.989648 0.000766921
         608    0.988064 0.000763346
         609    0.990491 0.000763348
         610     0.98917 0.000760278
         611    0.990982 0.000762145
         612    0.989962 0.000759524
         613    0.990585 0.000757908
         614    0.989754 0.000757823
         615    0.988354  0.00075396
         616    0.990158 0.000753411
         617    0.988245  0.00075233
         618    0.990372  0.00075285
         619    0.987791 0.000748622
         620    0.990373 0.000750242
         621    0.988293 0.000748138
         622    0.990563 0.000747364
         623    0.987307 0.000744978
         624    0.988455 0.000744614
         625    0.989678 0.000742358
         626    0.989167 0.000741718
         627    0.988737 0.000741162
         628    0.989505 0.000740893
         629    0.988224 0.000737767
         630    0.989594 0.000736206
         631    0.990292 0.000736302
         632      0.9895 0.000735079
         633    0.988846  0.00073238
         634    0.986805 0.000731519
         635    0.987785 0.000730167
         636    0.988141 0.000729562
         637    0.987436 0.000728547
         638    0.989579 0.000728016
         639    0.989569 0.000726651
         640    0.987477 0.000723176
         641    0.988202 0.000722019
         642    0.987502 0.000722334
         643    0.989181 0.000721167
         644     0.98699 0.000720358
         645    0.989107  0.00071997
         646    0.988493 0.000717632
         647    0.989952 0.000718411
         648    0.988925 0.000715683
         649    0.988744 0.000715622
         650    0.989324 0.000714257
         651    0.988316 0.000713257
         652    0.988051 0.000711611
         653    0.988971  0.00070921
         654    0.988925 0.000708887
         655    0.989517 0.000708163
         656    0.987742 0.000708522
         657    0.988684 0.000707872
         658    0.988219  0.00070585
         659    0.989201 0.000705693
         660    0.989033 0.000703039
         661    0.987775 0.000701527
         662    0.988045 0.000700477
         663    0.990275 0.000701819
         664     0.98679 0.000698196
         665     0.98625 0.000697985
         666    0.988692 0.000696185
         667    0.989752 0.000696919
         668    0.986546 0.000692945
         669    0.988622 0.000694162
         670    0.988351 0.000693135
         671    0.988799 0.000692888
         672    0.987089 0.000689223
         673    0.987925 0.000689522
         674    0.988031 0.000689242
         675    0.988296 0.000687143
         676    0.989369  0.00068836
         677    0.990245 0.000686205
         678    0.986659 0.000684755
         679    0.989803 0.000684629
         680    0.989111 0.000682294
         681    0.987461 0.000680886
         682     0.98812 0.000680122
         683     0.98718 0.000679846
         684    0.987827 0.000677723
         685    0.987833 0.000676374
         686    0.987418 0.000676776
         687    0.987168 0.000675566
         688    0.988179 0.000675002
         689    0.985484 0.000672757
         690    0.987726 0.000672862
         691    0.987749 0.000673129
         692    0.988281 0.000670057
         693    0.988105 0.000669322
         694    0.989402   0.0006695
         695    0.987026 0.000667258
         696    0.987376  0.00066739
         697     0.98527 0.000664206
         698    0.988611 0.000663275
         699    0.986931 0.000664068
         700    0.988016 0.000663019
         701    0.988588 0.000662186
         702    0.988248 0.000661535
         703     0.98964 0.000660419
         704    0.987095 0.000659241
         705    0.985698 0.000657106
         706     0.98655 0.000656614
         707    0.988094 0.000655436
         708    0.986913 0.000655958
         709    0.987095 0.000654955
         710    0.988368 0.000653738
         711    0.986815 0.000653651
         712    0.986666 0.000650839
         713     0.98663 0.000649348
         714    0.986915 0.000649378
         715    0.987313 0.000649319
         716    0.988276 0.000648357
         717    0.987908 0.000646505
         718    0.987996 0.000646551
         719    0.987426 0.000645928
         720    0.988268 0.000644505
         721    0.987336 0.000641154
         722    0.986799  0.00064228
         723    0.987302 0.000641239
         724    0.986114 0.000639446
         725    0.989019 0.000640084
         726    0.988205 0.000639513
         727    0.986471 0.000637682
         728    0.986806 0.000637154
         729    0.986803 0.000636986
         730    0.986495 0.000634923
         731    0.987347  0.00063413
         732     0.98747  0.00063437
         733    0.985774 0.000631775
         734    0.986208 0.000631692
         735    0.986356 0.000630099
         736    0.987956 0.000630306
         737    0.987909 0.000629105
         738    0.987853 0.000628218
         739    0.986149 0.000626854
         740    0.987446 0.000626673
         741    0.987479 0.000625435
         742    0.985755 0.000624603
         743     0.98539 0.000623091
         744    0.987565  0.00062298
         745    0.985759  0.00062291
         746    0.986338  0.00062113
         747    0.986555 0.000619731
         748    0.988168 0.000620359
         749    0.986023 0.000618809
         750    0.986646 0.000618197
         751    0.985111 0.000616382
         752    0.986657 0.000617773
         753     0.98674 0.000615038
         754    0.985788 0.000615067
         755    0.986643 0.000615444
         756    0.986742 0.000613723
         757    0.985477 0.000613052
         758    0.989214 0.000613511
         759    0.986848 0.000610252
         760    0.986176 0.000610921
         761    0.986525 0.000609224
         762    0.986427  0.00060849
         763    0.986416 0.000605882
         764    0.984821 0.000606837
         765    0.987655 0.000606434
         766     0.98578 0.000605225
         767    0.986244 0.000603199
         768    0.986219 0.000602141
         769    0.985805 0.000602497
         770    0.986974 0.000601505
         771    0.986918 0.000602549
         772    0.987465 0.000602562
         773    0.986202 0.000599296
         774    0.986478 0.000598602
         775    0.986429 0.000598156
         776    0.986669 0.000597775
         777     0.98635 0.000597188
         778    0.986562 0.000597796
         779    0.987035 0.000594553
         780    0.986513  0.00059394
         781    0.985838 0.000594286
         782    0.987746 0.000593506
         783    0.986297 0.000592469
         784    0.985705 0.000592335
         785    0.986446 0.000590195
         786    0.986526  0.00058916
         787    0.985221 0.000588945
         788    0.985704 0.000588339
         789    0.987455 0.000588387
         790    0.986189 0.000588123
         791    0.987348 0.000586487
         792    0.986767 0.000585512
         793    0.985181 0.000583392
         794    0.986156 0.000582564
         795    0.986821 0.000583165
         796    0.985506  0.00058263
         797    0.985818 0.000581441
         798    0.987023 0.000581502
         799    0.985587 0.000579344
         800    0.986489 0.000578566
         801    0.985699 0.000578082
         802    0.987151 0.000577843
         803    0.985366 0.000576934
         804    0.987602 0.000577465
         805    0.985688   0.0005756
         806    0.986969  0.00057448
         807    0.984702 0.000574503
         808    0.986517 0.000573502
         809    0.987784 0.000573158
         810    0.985127 0.000571721
         811    0.985723  0.00057169
         812    0.985799 0.000571145
         813    0.985829 0.000569715
         814    0.986321 0.000569031
         815    0.985112 0.000567229
         816    0.986597 0.000571748
         817    0.986989 0.000568974
         818     0.98638 0.000566152
         819    0.986364 0.000565952
         820    0.986973  0.00056614
         821    0.986687 0.000564696
         822    0.986634 0.000562874
         823     0.98663 0.000563504
         824    0.986147 0.000561662
         825    0.987888 0.000562689
         826    0.985516 0.000560521
         827    0.987187 0.000561118
         828    0.987475 0.000561194
         829    0.986704  0.00055962
         830    0.984508 0.000558745
         831    0.987123 0.000558461
         832    0.985598 0.000556708
         833    0.986744 0.000556663
         834    0.986193 0.000556214
         835    0.984953 0.000555239
         836    0.986688 0.000553877
         837    0.985984 0.000553455
         838     0.98779 0.000553381
         839    0.987051 0.000553064
         840    0.985242 0.000551757
         841     0.98543 0.000550982
         842    0.986326 0.000550378
         843    0.985017 0.000547897
         844    0.987554 0.000548834
         845    0.986681 0.000547495
         846    0.985862 0.000546806
         847    0.986685 0.000545878
         848    0.985572 0.000546582
         849    0.985039 0.000544643
         850    0.986038  0.00054514
         851    0.986119 0.000544407
         852    0.985538 0.000543823
         853    0.985446  0.00054271
         854    0.985613 0.000543683
         855    0.986683 0.000542696
         856    0.984412 0.000541232
         857    0.985858  0.00054027
         858    0.987237 0.000540915
         859    0.986856  0.00054066
         860     0.98667 0.000538457
         861    0.986162 0.000537322
         862    0.985987 0.000537698
         863    0.986078 0.000537215
         864    0.986028 0.000535946
         865    0.987054 0.000535898
         866    0.986047 0.000536278
         867    0.986535 0.000535266
         868    0.986805 0.000534291
         869    0.985664 0.000533794
         870    0.986788 0.000532783
         871    0.986132 0.000532889
         872    0.986477 0.000531227
         873    0.985692 0.000530429
         874    0.985056 0.000529608
         875    0.985872 0.000529129
         876    0.986478 0.000529575
         877    0.985916 0.000527621
         878    0.986933 0.000528084
         879    0.987812 0.000527531
         880    0.986171 0.000526085
         881    0.985489 0.000525758
         882    0.986533 0.000525643
         883    0.985528 0.000525074
         884     0.98686 0.000524835
         885    0.985666 0.000523404
         886    0.984258 0.000522068
         887    0.987391  0.00052375
         888    0.985774  0.00052141
         889    0.986363 0.000521543
         890    0.986927 0.000521176
         891    0.985474 0.000519995
         892    0.985521 0.000519579
         893     0.98552 0.000519431
         894    0.987705 0.000518609
         895    0.985563 0.000517116
         896    0.985741 0.000517088
         897    0.985479 0.000516082
         898     0.98642 0.000515637
         899     0.98645 0.000515222
         900    0.986626 0.000515349
         901    0.987225 0.000513762
         902    0.985593 0.000513822
         903    0.986235 0.000513554
         904    0.984398 0.000512556
         905    0.985717 0.000511696
         906     0.98525 0.000512124
         907    0.986122 0.000511434
         908    0.985155   0.0005106
         909    0.987122 0.000509973
         910    0.986378 0.000509652
         911    0.986439  0.00050991
         912    0.985537 0.000508674
         913    0.986868 0.000507008
         914     0.98504 0.000507507
         915    0.986351  0.00050783
         916    0.986208 0.000506322
         917    0.985234 0.000504988
         918    0.986161 0.000505904
         919    0.985253 0.000504313
         920    0.986767 0.000503521
         921    0.986277 0.000504073
         922     0.98508 0.000503776
         923    0.986483 0.000502934
         924    0.985319 0.000501602
         925    0.985705 0.000500621
         926    0.985834 0.000500818
         927    0.984379 0.000499966
         928     0.98674 0.000499403
         929    0.986392 0.000499144
         930    0.985014 0.000498721
         931    0.985282 0.000497955
         932    0.987697 0.000498322
         933    0.986174    0.000497
         934    0.985531 0.000496095
         935    0.985761 0.000495843
         936    0.985342 0.000494635
         937    0.986726 0.000494365
         938    0.985311 0.000493302
         939    0.985181  0.00049238
         940    0.985858 0.000492973
         941    0.986812 0.000492409
         942    0.986206 0.000491901
         943    0.986409 0.000491573
         944    0.986958 0.000490682
         945     0.98594 0.000490142
         946    0.986906  0.00049003
         947    0.985242  0.00048894
         948     0.98744 0.000489566
         949    0.986312 0.000488652
         950    0.984861 0.000487252
         951    0.985897 0.000487539
         952    0.985975 0.000487379
         953     0.98618 0.000486178
         954    0.986147 0.000485666
         955    0.986155 0.000486218
         956    0.985835 0.000484279
         957    0.986065 0.000484155
         958     0.98543 0.000483504
         959    0.985147 0.000482892
         960    0.985137 0.000482529
         961    0.985867 0.000482791
         962     0.98676 0.000481771
         963    0.985236 0.000481502
         964    0.985746 0.000481049
         965    0.986499  0.00048099
         966    0.986612 0.000480165
         967      0.9867 0.000479382
         968    0.985945 0.000478974
         969    0.985711 0.000479362
         970    0.986003 0.000477932
         971    0.986771 0.000477642
         972    0.986797 0.000476705
         973    0.985831 0.000475277
         974    0.985931 0.000475469
         975    0.985239 0.000475603
         976    0.986079 0.000475393
         977    0.986301 0.000474016
         978    0.985194 0.000473173
         979    0.985535 0.000473037
         980    0.985225 0.000471911
         981    0.985951 0.000472419
         982    0.986473 0.000472417
         983    0.986254 0.000471757
         984    0.986278 0.000470645
         985     0.98502 0.000470752
         986    0.985523 0.000470919
         987    0.985275 0.000469834
         988    0.985217 0.000467793
         989    0.986544 0.000468707
         990    0.985347 0.000467069
         991    0.985935 0.000467878
         992     0.98663 0.000468914
         993    0.985178 0.000466643
         994    0.986232 0.000466463
         995    0.986907 0.000466006
         996    0.985983 0.000466032
         997     0.98594 0.000465244
         998    0.984822 0.000465369
         999    0.986009 0.000463656
