# BEST DISTANCE:
     0         24.7227
     1         23.4739
     2         22.7236
     3         21.5229
     4         19.8525
     5          19.524
     6         19.8567
     7         19.7089
     8         18.6828
     9         18.6256
    10         18.2451
    11         17.6738
    12         17.4809
    13         16.8031
    14         16.6575
    15         15.9987
    16         15.2296
    17         15.5288
    18         15.0757
    19         14.4891
    20         14.2667
    21         14.4398
    22         14.0626
    23         13.9013
    24         13.5174
    25         13.9013
    26         13.4025
    27         13.6411
    28         13.6692
    29         13.6692
    30         13.5505
    31         13.2588
    32          12.961
    33          12.961
    34         13.0502
    35         13.0486
    36         13.0502
    37         12.9339
    38         12.9726
    39         12.4889
    40          12.465
    41         12.3906
    42         12.3665
    43         11.9143
    44         11.5696
    45         11.9143
    46         11.9143
    47         11.9637
    48           12.12
    49         12.0609
    50         11.7339
    51         11.5744
    52         11.5332
    53          11.763
    54         11.6283
    55         11.5744
    56         11.6457
    57         11.6557
    58           11.62
    59         11.3936
    60         11.6619
    61         11.3361
    62         11.3361
    63         11.3361
    64         11.3653
    65         11.2367
    66         11.1507
    67         11.0717
    68         11.1599
    69         11.2519
    70         11.1336
    71         11.1336
    72         11.0786
    73         11.0786
    74         11.1263
    75         11.1336
    76         11.0384
    77         11.0384
    78         11.0384
    79         11.1336
    80          11.101
    81         10.9636
    82         10.9636
    83         10.9636
    84         10.9636
    85         10.9636
    86         10.9672
    87         10.9672
    88         11.0035
    89         11.0419
    90         11.0419
    91         11.0419
    92          10.979
    93          10.979
    94         10.7756
    95          10.979
    96         10.9959
    97         10.9246
    98         11.0867
    99         11.0867
   100         11.0867
   101         10.9625
   102         10.9579
   103         10.9598
   104         11.0541
   105         10.9719
   106         10.9727
   107          10.875
   108         10.8777
   109         10.8777
   110          10.906
   111          10.835
   112         10.8025
   113         11.0867
   114         10.8358
   115         10.8768
   116         10.8732
   117         10.8732
   118         10.8732
   119         10.8732
   120         10.8336
   121         10.8336
   122         11.0867
   123         10.8386
   124         10.8025
   125          10.835
   126         10.8025
   127         10.8025
   128         11.0904
   129         11.0904
   130         11.0904
   131         11.0867
   132         11.1459
   133         11.1336
   134         11.0867
   135         11.0867
   136         11.0867
   137         11.1336
   138         11.1767
   139         11.0775
   140         11.0588
   141         11.0588
   142         11.0588
   143         11.0588
   144         11.0375
   145         11.0867
   146         11.0375
   147         11.0922
   148         10.9294
   149         11.0453
   150         10.9251
   151         10.9251
   152         10.8907
   153         10.7972
   154          10.875
   155          10.835
   156          10.875
   157         10.7611
   158         11.0453
   159         11.0453
   160         11.0453
   161         11.0453
   162         11.0453
   163         11.0127
   164         11.0453
   165         10.8073
   166         10.9922
   167          10.888
   168          10.888
   169          10.888
   170          10.835
   171          10.876
   172          10.888
   173         11.0075
   174         11.0867
   175         11.0867
   176         11.0867
   177         11.0541
   178         11.0867
   179         11.0541
   180          10.875
   181          10.875
   182         11.0127
   183         11.0127
   184         11.0541
   185         10.9589
   186         10.9554
   187         11.0541
   188         11.0336
   189         11.0541
   190         11.0541
   191         11.0541
   192         10.8386
   193         10.8386
   194         11.0459
   195         11.0541
   196         10.9836
   197         10.8466
   198         11.0541
   199         11.0541
   200         10.8386
   201         10.9922
   202         11.0541
   203         11.0336
   204         11.0541
   205         11.0541
   206          10.888
   207         10.8386
   208         11.0453
   209          10.888
   210         11.0541
   211         11.0541
   212         11.0453
   213         11.0453
   214         11.0453
   215         11.0127
   216         11.0453
   217         11.0453
   218         11.0453
   219         11.0541
   220         11.0541
   221         11.0541
   222         11.0541
   223         11.0453
   224         10.8981
   225         11.0453
   226         11.0453
   227         10.8336
   228          10.888
   229         10.8769
   230         10.8443
   231         10.7972
   232         10.8451
   233         10.8451
   234         10.8451
   235         10.8451
   236         10.8777
   237         10.8068
   238         10.8386
   239          10.806
   240         10.8068
   241         10.8394
   242         10.8394
   243         10.8386
   244         10.8386
   245          10.806
   246         10.8386
   247          10.806
   248         10.6563
   249         10.6097
   250         10.6563
   251         10.8068
   252         10.6563
   253          10.806
   254         10.7756
   255         10.7756
   256         10.7756
   257         10.7756
   258         10.8068
   259         10.7764
   260         10.6555
   261         10.5562
   262         10.5562
   263         10.5562
   264         10.5562
   265         10.5562
   266         10.5562
   267         10.5562
   268         10.5562
   269         10.5562
   270         10.5237
   271         10.6555
   272         10.7764
   273          10.796
   274         10.7756
   275         10.8068
   276         10.7756
   277         10.7764
   278         10.7764
   279         10.7764
   280         10.7764
   281         10.7764
   282         10.7589
   283          10.806
   284         10.8358
   285         10.7955
   286         10.7955
   287         10.7764
   288         10.7955
   289           10.73
   290          10.593
   291         10.7955
   292         10.8394
   293          10.593
   294         10.8394
   295         10.8394
   296         10.8068
   297         10.7729
   298         10.7756
   299         10.7756
   300         10.7764
   301         10.7764
   302         10.7764
   303         10.7764
   304         10.7764
   305         10.7756
   306         10.7764
   307         10.7756
   308         10.7764
   309         10.7446
   310          10.666
   311         10.7446
   312         10.7446
   313         10.7446
   314         10.7446
   315         10.7729
   316         10.7729
   317         10.7729
   318         10.7721
   319         10.7729
   320         10.7729
   321         10.7764
   322         10.7729
   323         10.4926
   324         10.7721
   325         10.7729
   326         10.7721
   327         10.7721
   328         10.7721
   329         10.7756
   330         10.7756
   331         10.7764
   332         10.7756
   333         10.5982
   334         10.7721
   335         10.7764
   336         10.7721
   337         10.7733
   338         10.7729
   339         10.7729
   340         10.7721
   341         10.7028
   342         10.7729
   343         10.7729
   344          10.702
   345          10.702
   346          10.702
   347         10.6985
   348         10.7764
   349         10.7729
   350         10.7756
   351         10.7764
   352         10.7764
   353         10.7756
   354         10.7756
   355         10.7756
   356         10.6544
   357          10.605
   358         10.7756
   359         10.4918
   360         10.4918
   361         10.7756
   362         10.7756
   363         10.7756
   364         10.7342
   365         10.7028
   366         10.7028
   367         10.7028
   368         10.7342
   369         10.7342
   370         10.7342
   371         10.7342
   372         10.7646
   373         10.7756
   374         10.7756
   375         10.7756
   376         10.7028
   377         10.6993
   378         10.7733
   379         10.7733
   380         10.7764
   381         10.7733
   382         10.7764
   383         10.7342
   384         10.7646
   385         10.7342
   386         10.7646
   387         10.7646
   388         10.7646
   389         10.7342
   390         10.7033
   391         10.7342
   392         10.7342
   393         10.7646
   394          10.666
   395         10.7646
   396         10.7764
   397         10.7342
   398         10.7646
   399         10.7646
   400         10.7646
   401         10.7342
   402         10.7342
   403         10.7342
   404         10.7342
   405         10.7342
   406         10.7342
   407         10.7756
   408         10.7764
   409         10.4926
   410         10.4926
   411         10.4926
   412         10.4926
   413         10.5927
   414         10.7764
   415         10.7764
   416         10.7764
   417         10.7764
   418         10.7764
   419         10.7764
   420         10.7764
   421         10.5735
   422         10.5735
   423         10.7764
   424         10.7033
   425         10.4931
   426         10.4931
   427         10.7033
   428         10.7764
   429         10.5425
   430         10.5752
   431         10.5752
   432         10.5752
   433         10.7764
   434         10.7733
   435         10.7342
   436         10.7764
   437         10.4926
   438         10.4931
   439         10.7342
   440         10.7342
   441         10.7342
   442         10.7733
   443         10.7769
   444         10.7764
   445         10.7764
   446         10.7764
   447         10.7764
   448         10.7764
   449         10.7769
   450         10.7733
   451         10.7733
   452         10.7769
   453         10.7769
   454         10.7769
   455         10.7764
   456         10.7764
   457         10.7769
   458         10.7764
   459         10.7342
   460         10.7342
   461         10.7342
   462         10.7342
   463         10.7342
   464         10.7646
   465         10.7342
   466         10.7342
   467         10.7033
   468         10.7033
   469         10.7033
   470         10.7342
   471         10.7342
   472         10.7342
   473         10.7342
   474         10.7342
   475         10.7342
   476         10.7342
   477         10.7342
   478         10.7342
   479         10.7342
   480         10.7342
   481         10.7342
   482         10.7342
   483         10.7342
   484         10.7342
   485         10.7342
   486         10.7342
   487         10.7342
   488         10.7342
   489         10.7141
   490         10.7342
   491         10.7342
   492         10.7307
   493         10.7307
   494          10.514
   495         10.7307
   496         10.7307
   497         10.7307
   498         10.4815
   499         10.7307
