#	 N_BLOCK:	ACCEPTANCE:
           1    0.648338
           2    0.648072
           3    0.648074
           4    0.647998
           5    0.647998
           6    0.648061
           7    0.648062
           8    0.648015
           9    0.648011
          10    0.648038
          11    0.648057
          12    0.648044
          13     0.64805
          14    0.648051
          15    0.648066
          16    0.648061
          17    0.648055
          18    0.648051
          19    0.648031
          20    0.648028
          21    0.648043
          22    0.648069
          23    0.648075
          24    0.648059
          25    0.648038
          26    0.648045
          27    0.648048
          28    0.648056
          29     0.64806
          30    0.648054
          31    0.648059
          32    0.648062
          33    0.648068
          34    0.648078
          35    0.648074
          36    0.648081
          37    0.648071
          38    0.648065
          39    0.648064
          40    0.648076
          41    0.648077
          42    0.648076
          43    0.648067
          44    0.648057
          45    0.648059
          46    0.648061
          47    0.648069
          48    0.648073
          49    0.648084
          50    0.648081
