#		 BLOCK:	 ACTUAL_T:		 T_AVE:			 ERROR:
           1      1.1843      1.1843           0
           2      1.0973      1.1408   0.0307568
           3     1.08152     1.12104   0.0260903
           4     1.08859     1.11293   0.0207909
           5     1.09983     1.11031    0.016797
           6     1.09797     1.10825   0.0141228
           7     1.10304     1.10751   0.0121248
           8     1.06816     1.10259   0.0115636
           9     1.07557     1.09959   0.0106614
          10     1.07981     1.09761  0.00977705
          11     1.07558     1.09561  0.00909093
          12     1.09378     1.09545  0.00833462
          13     1.07776     1.09409  0.00780383
          14     1.12678     1.09643  0.00758766
          15     1.11044     1.09736  0.00713912
          16     1.08072     1.09632  0.00676829
          17     1.06798     1.09465  0.00657233
          18      1.0797     1.09382  0.00625952
          19     1.06004     1.09205  0.00617745
          20      1.0911       1.092  0.00586875
          21     1.09293     1.09204  0.00558946
          22     1.08671      1.0918  0.00534064
          23     1.11279     1.09271   0.0051858
          24     1.09133     1.09266  0.00497005
          25     1.08484     1.09234  0.00478108
          26     1.07525     1.09169  0.00464216
          27     1.09247     1.09171  0.00447032
          28     1.09805     1.09194  0.00431638
          29      1.0935     1.09199  0.00416787
          30     1.10135     1.09231   0.0040406
          31     1.09192     1.09229  0.00391028
          32      1.0694     1.09158  0.00385296
          33     1.08801     1.09147  0.00373772
          34     1.09641     1.09162  0.00363062
          35     1.08858     1.09153  0.00352792
          36     1.10917     1.09202  0.00346378
          37      1.0773     1.09162  0.00339293
          38     1.12869      1.0926  0.00344105
          39     1.08578     1.09242  0.00335726
          40     1.12039     1.09312  0.00334532
          41     1.09791     1.09324  0.00326576
          42     1.09721     1.09333  0.00318938
          43     1.06939     1.09278  0.00316342
          44     1.10383     1.09303  0.00310147
          45     1.08046     1.09275   0.0030451
          46     1.04711     1.09176  0.00313639
          47     1.09565     1.09184  0.00307075
          48     1.10238     1.09206  0.00301462
          49     1.09034     1.09202   0.0029533
          50     1.07898     1.09176  0.00290573
          51     1.09204     1.09177  0.00284876
          52     1.08126     1.09157  0.00280113
          53     1.07765      1.0913  0.00276056
          54     1.05846     1.09069  0.00277562
          55     1.10484     1.09095  0.00273704
          56     1.07754     1.09071  0.00269862
          57     1.04556     1.08992  0.00276511
          58     1.11027     1.09027   0.0027396
          59      1.0925     1.09031  0.00269342
          60     1.06577      1.0899  0.00267941
          61     1.09042     1.08991   0.0026355
          62     1.08661     1.08985  0.00259353
          63     1.05845     1.08936  0.00259984
          64     1.07034     1.08906  0.00257615
          65     1.06585      1.0887  0.00256115
          66     1.09063     1.08873  0.00252251
          67     1.05914     1.08829  0.00252322
          68     1.08989     1.08831  0.00248623
          69     1.07998     1.08819  0.00245312
          70     1.09431     1.08828  0.00241963
          71     1.07866     1.08814  0.00238934
          72     1.05823     1.08773  0.00239202
          73     1.09251     1.08779  0.00236014
          74     1.09898     1.08795  0.00233309
          75     1.07543     1.08778  0.00230795
          76     1.05615     1.08736   0.0023148
          77      1.0933     1.08744  0.00228602
          78      1.0524     1.08699  0.00230044
          79     1.06182     1.08667  0.00229327
          80      1.1035     1.08688  0.00227423
          81     1.07835     1.08678  0.00224859
          82     1.07444     1.08663   0.0022262
          83     1.09147     1.08668  0.00220014
          84     1.08853     1.08671  0.00217406
          85     1.08338     1.08667  0.00214883
          86      1.0908     1.08672  0.00212439
          87     1.10579     1.08693  0.00211125
          88     1.11301     1.08723  0.00210794
          89     1.04021      1.0867  0.00214946
          90     1.06417     1.08645  0.00214011
          91     1.07148     1.08629   0.0021229
          92     1.07408     1.08616  0.00210397
          93     1.12597     1.08658  0.00212447
          94     1.06941      1.0864  0.00210971
          95     1.06558     1.08618  0.00209886
          96     1.07359     1.08605  0.00208109
          97     1.09041      1.0861  0.00206012
          98     1.08202     1.08605  0.00203951
          99     1.09895     1.08618  0.00202307
         100     1.09471     1.08627  0.00200463
         101     1.10591     1.08646   0.0019942
         102     1.10108     1.08661  0.00197979
         103     1.07838     1.08653  0.00196218
         104     1.06289      1.0863  0.00195642
         105     1.08306     1.08627  0.00193803
         106     1.09558     1.08636  0.00192174
         107     1.12457     1.08671  0.00193668
         108     1.07924     1.08664  0.00191998
         109     1.10142     1.08678  0.00190714
         110     1.10067     1.08691  0.00189398
         111     1.09498     1.08698  0.00187832
         112     1.08979       1.087  0.00186171
         113     1.08863     1.08702  0.00184529
         114     1.09512     1.08709  0.00183047
         115     1.09754     1.08718  0.00181681
         116     1.10475     1.08733  0.00180745
         117     1.06933     1.08718  0.00179854
         118     1.12632     1.08751  0.00181363
         119     1.11453     1.08774  0.00181254
         120     1.10792     1.08791  0.00180522
         121     1.08226     1.08786   0.0017909
         122     1.08649     1.08785  0.00177626
         123     1.09556     1.08791  0.00176292
         124     1.10015     1.08801  0.00175147
         125     1.06841     1.08785  0.00174446
         126     1.09325     1.08789  0.00173115
         127     1.09862     1.08798  0.00171957
         128     1.08624     1.08797  0.00170619
         129     1.08671     1.08796  0.00169299
         130     1.11852     1.08819  0.00169622
         131      1.0901     1.08821  0.00168333
         132     1.09825     1.08828   0.0016723
         133     1.09179     1.08831  0.00165993
         134     1.07798     1.08823  0.00164933
         135     1.08924     1.08824  0.00163713
         136     1.11551     1.08844  0.00163732
         137     1.04144      1.0881  0.00166093
         138     1.10142     1.08819  0.00165169
         139     1.08731     1.08819  0.00163982
         140     1.09688     1.08825  0.00162929
         141     1.09374     1.08829   0.0016182
         142     1.09296     1.08832  0.00160714
         143     1.08599      1.0883  0.00159598
         144     1.11083     1.08846  0.00159254
         145     1.10261     1.08856  0.00158455
         146     1.09784     1.08862  0.00157497
         147     1.06666     1.08847  0.00157132
         148     1.08878     1.08847   0.0015607
         149     1.08974     1.08848  0.00155025
         150     1.05368     1.08825  0.00155719
         151     1.09385     1.08829  0.00154732
         152     1.07768     1.08822  0.00153871
         153      1.1049     1.08833  0.00153251
         154     1.09391     1.08836  0.00152299
         155     1.09684     1.08842  0.00151415
         156     1.07229     1.08831  0.00150797
         157     1.09018     1.08833  0.00149841
         158     1.06399     1.08817  0.00149682
         159     1.07953     1.08812  0.00148839
         160     1.09726     1.08817  0.00148019
         161     1.10174     1.08826  0.00147339
         162     1.09569      1.0883  0.00146501
         163     1.08535     1.08829  0.00145613
         164     1.06408     1.08814  0.00145472
         165     1.06344     1.08799  0.00145358
         166     1.08419     1.08797  0.00144501
         167      1.1012     1.08805  0.00143852
         168     1.10673     1.08816  0.00143425
         169     1.09539      1.0882   0.0014264
         170     1.06492     1.08806  0.00142457
         171      1.0626     1.08791    0.001424
         172     1.11241     1.08806  0.00142282
         173     1.08768     1.08805   0.0014146
         174     1.07487     1.08798   0.0014085
         175     1.07684     1.08791  0.00140189
         176     1.07505     1.08784  0.00139583
         177     1.05777     1.08767  0.00139824
         178     1.09644     1.08772  0.00139126
         179     1.08203     1.08769  0.00138385
         180     1.09541     1.08773  0.00137682
         181     1.08813     1.08773  0.00136922
         182     1.09346     1.08777  0.00136206
         183     1.06208     1.08763  0.00136183
         184     1.08463     1.08761  0.00135453
         185     1.07957     1.08757   0.0013479
         186     1.08075     1.08753  0.00134115
         187     1.07161     1.08744  0.00133668
         188     1.09141     1.08747  0.00132974
         189     1.07731     1.08741  0.00132378
         190     1.08867     1.08742  0.00131683
         191      1.0916     1.08744  0.00131012
         192     1.08846     1.08745  0.00130331
         193     1.12293     1.08763  0.00130946
         194     1.12167      1.0878  0.00131442
         195      1.0833     1.08778  0.00130788
         196     1.09524     1.08782  0.00130176
         197     1.05236     1.08764  0.00130754
         198     1.07205     1.08756   0.0013033
         199     1.07762     1.08751  0.00129771
         200     1.09705     1.08756   0.0012921
         201     1.11323     1.08769  0.00129197
         202     1.10958     1.08779  0.00129011
         203     1.05768     1.08765  0.00129226
         204     1.08012     1.08761  0.00128645
         205     1.06307     1.08749  0.00128573
         206      1.0902      1.0875  0.00127955
         207     1.08413     1.08749  0.00127348
         208       1.082     1.08746  0.00126763
         209     1.08267     1.08744  0.00126177
         210     1.08115     1.08741  0.00125612
         211     1.09959     1.08747  0.00125149
         212     1.10187     1.08753  0.00124743
         213     1.07986      1.0875  0.00124209
         214      1.1267     1.08768  0.00124972
         215      1.0953     1.08772  0.00124441
         216     1.09309     1.08774   0.0012389
         217     1.10399     1.08782  0.00123545
         218     1.08767     1.08781  0.00122978
         219     1.08975     1.08782   0.0012242
         220     1.06069      1.0877  0.00122483
         221     1.07906     1.08766  0.00121991
         222     1.06912     1.08758  0.00121727
         223     1.08149     1.08755  0.00121212
         224     1.08422     1.08754   0.0012068
         225     1.08181     1.08751  0.00120171
         226     1.07143     1.08744  0.00119849
         227     1.06605     1.08734  0.00119691
         228     1.07782      1.0873  0.00119239
         229     1.12421     1.08746  0.00119803
         230     1.08382     1.08745  0.00119292
         231     1.12375     1.08761  0.00119806
         232     1.07049     1.08753  0.00119517
         233     1.04676     1.08736  0.00120278
         234     1.07181     1.08729  0.00119948
         235     1.07884     1.08725  0.00119491
         236     1.10927     1.08735  0.00119348
         237     1.07529      1.0873  0.00118953
         238     1.05967     1.08718  0.00119018
         239     1.08683     1.08718   0.0011852
         240     1.07882     1.08714  0.00118078
         241     1.11697     1.08727  0.00118235
         242      1.0619     1.08716   0.0011821
         243     1.07454     1.08711  0.00117838
         244     1.05387     1.08697   0.0011814
         245     1.10122     1.08703    0.001178
         246      1.0796       1.087   0.0011736
         247     1.07985     1.08697  0.00116921
         248     1.11194     1.08707  0.00116882
         249     1.10886     1.08716   0.0011674
         250      1.1019     1.08722  0.00116421
         251     1.07365     1.08717  0.00116083
         252     1.06438     1.08708  0.00115974
         253     1.09668     1.08711  0.00115578
         254     1.10542     1.08719  0.00115347
         255     1.07183     1.08713  0.00115052
         256     1.08186     1.08711  0.00114621
         257     1.06575     1.08702  0.00114476
         258     1.10582      1.0871  0.00114264
         259     1.09694     1.08713  0.00113886
         260     1.08021     1.08711  0.00113479
         261      1.1292     1.08727  0.00114184
         262     1.10629     1.08734  0.00113979
         263       1.053     1.08721  0.00114291
         264     1.02328     1.08697  0.00116395
         265     1.05374     1.08684   0.0011663
         266     1.10419     1.08691  0.00116373
         267     1.09483     1.08694  0.00115975
         268     1.07309     1.08689  0.00115658
         269     1.09378     1.08691  0.00115256
         270     1.10994       1.087  0.00115144
         271     1.06756     1.08693  0.00114942
         272     1.07453     1.08688   0.0011461
         273     1.09393     1.08691  0.00114219
         274     1.08312     1.08689  0.00113811
         275     1.09159     1.08691   0.0011341
         276     1.05298     1.08679  0.00113663
         277     1.06709     1.08671  0.00113475
         278     1.07928     1.08669  0.00113098
         279      1.0869     1.08669  0.00112693
         280     1.08642     1.08669   0.0011229
         281     1.10174     1.08674  0.00112018
         282     1.10663     1.08681  0.00111843
         283     1.08596     1.08681  0.00111448
         284     1.09461     1.08684   0.0011109
         285     1.11715     1.08694  0.00111208
         286     1.08253     1.08693   0.0011083
         287      1.0952     1.08696  0.00110481
         288     1.07808     1.08693   0.0011014
         289     1.08281     1.08691  0.00109768
         290     1.09369     1.08693  0.00109415
         291     1.05433     1.08682  0.00109611
         292     1.06338     1.08674  0.00109529
         293     1.11041     1.08682  0.00109453
         294     1.08624     1.08682  0.00109081
         295     1.06866     1.08676  0.00108884
         296     1.08438     1.08675   0.0010852
         297     1.06232     1.08667  0.00108465
         298      1.0763     1.08663  0.00108157
         299     1.05668     1.08653  0.00108258
         300     1.06943     1.08648  0.00108048
