3.000
2.980
2.960
2.940
2.920
2.900
2.880
2.860
2.840
2.820
2.800
2.780
2.760
2.740
2.720
2.700
2.680
2.660
2.640
2.620
2.600
2.580
2.560
2.540
2.520
2.500
2.480
2.460
2.440
2.420
2.400
2.380
2.360
2.340
2.320
2.300
2.280
2.260
2.240
2.220
2.200
2.180
2.160
2.140
2.120
2.100
2.080
2.060
2.040
2.020
2.000
1.980
1.960
1.940
1.920
1.900
1.880
1.860
1.840
1.820
1.800
1.780
1.760
1.740
1.720
1.700
1.680
1.660
1.640
1.620
1.600
1.580
1.560
1.540
1.520
1.500
1.480
1.460
1.440
1.420
1.400
1.380
1.360
1.340
1.320
1.300
1.280
1.260
1.240
1.220
1.200
1.180
1.160
1.140
1.120
1.100
1.080
1.060
1.040
1.020
1.000
0.980
0.960
0.940
0.920
0.900
0.880
0.860
0.840
0.820
0.800
0.780
0.760
0.740
0.720
0.700
0.680
0.660
0.640
0.620
0.600
0.580
0.560
0.540
0.520
0.500
0.480
0.460
0.440
0.420
0.400
0.380
0.360
0.340
0.320
0.300
0.280
0.260
0.240
0.220
0.200
