# BLOCK:		ACTUAL_HAM:	 	AVERAG_HAM:			ERROR:
       0       -0.442957       -0.442957               0
       1       -0.429634       -0.436295       0.0066615
       2       -0.472666       -0.448419       0.0127191
       3       -0.395804       -0.435265       0.0159346
       4       -0.458567       -0.439925       0.0131934
       5       -0.409488       -0.434853       0.0119071
       6       -0.432821       -0.434562       0.0100675
       7       -0.459226       -0.437645      0.00924774
       8       -0.441292       -0.438051       0.0081658
       9       -0.454629       -0.439708      0.00748951
      10       -0.427429       -0.438592      0.00686588
      11       -0.447489       -0.439333      0.00631136
      12       -0.415695       -0.437515       0.0060837
      13       -0.472683       -0.440027      0.00616718
      14       -0.454777        -0.44101      0.00582493
      15       -0.435682       -0.440677       0.0054589
      16       -0.446212       -0.441003      0.00513807
      17       -0.438035       -0.440838      0.00484702
      18       -0.440081       -0.440798      0.00458499
      19       -0.361523       -0.436834      0.00588485
      20       -0.436608       -0.436824      0.00559762
      21       -0.448921       -0.437374      0.00536537
      22       -0.425513       -0.436858      0.00515266
      23       -0.450009       -0.437406      0.00496364
      24        -0.45909       -0.438273      0.00483932
      25       -0.415818        -0.43741        0.004729
      26       -0.422534       -0.436859      0.00458371
      27       -0.435819       -0.436822      0.00441713
      28       -0.452335       -0.437356      0.00429554
      29        -0.42786        -0.43704      0.00416194
      30       -0.396818       -0.435742      0.00422938
      31       -0.435515       -0.435735      0.00409508
      32       -0.437695       -0.435795      0.00396949
      33       -0.393501       -0.434551       0.0040469
      34       -0.475409       -0.435718       0.0040993
      35       -0.443241       -0.435927      0.00398928
      36       -0.484748       -0.437247      0.00409819
      37       -0.460558        -0.43786      0.00403578
      38       -0.441873       -0.437963      0.00393228
      39       -0.448949       -0.438238      0.00384254
      40       -0.466108       -0.438917       0.0038088
      41       -0.468354       -0.439618      0.00378251
      42       -0.446427       -0.439777      0.00369689
      43       -0.444868       -0.439892      0.00361375
      44       -0.442236       -0.439944      0.00353291
      45       -0.447413       -0.440107      0.00345907
      46       -0.427372       -0.439836       0.0033955
      47       -0.462388       -0.440306      0.00335705
      48        -0.44127       -0.440325      0.00328788
      49       -0.429055         -0.4401      0.00322933
      50       -0.428529       -0.439873       0.0031735
      51       -0.455443       -0.440172      0.00312624
      52       -0.447882       -0.440318      0.00307014
      53       -0.440506       -0.440321      0.00301275
      54        -0.38216       -0.439264      0.00314084
      55       -0.441788       -0.439309      0.00308457
      56       -0.413252       -0.438852      0.00306426
      57        -0.42597        -0.43863      0.00301915
      58       -0.476709       -0.439275      0.00303691
      59       -0.414699       -0.438866      0.00301383
      60       -0.420829        -0.43857      0.00297872
      61       -0.424132       -0.438337      0.00293952
      62       -0.436894       -0.438314      0.00289258
      63       -0.394462       -0.437629      0.00292832
      64       -0.437619       -0.437629      0.00288291
      65       -0.423591       -0.437416      0.00284685
      66       -0.447495       -0.437566      0.00280807
      67       -0.462959        -0.43794      0.00279156
      68       -0.454717       -0.438183      0.00276153
      69       -0.450416       -0.438358       0.0027274
      70       -0.470088       -0.438805       0.0027256
      71       -0.480151       -0.439379      0.00274814
      72       -0.371358       -0.438447      0.00286594
      73       -0.469966       -0.438873      0.00285885
      74       -0.445585       -0.438963       0.0028219
      75       -0.445048       -0.439043      0.00278567
      76       -0.419581        -0.43879      0.00276085
      77       -0.460379       -0.439067      0.00273924
      78       -0.444358       -0.439134      0.00270518
      79       -0.396679       -0.438603      0.00272335
      80       -0.428825       -0.438482      0.00269223
      81       -0.449236       -0.438613      0.00266243
      82       -0.473904       -0.439039       0.0026643
      83       -0.407836       -0.438667      0.00265847
      84       -0.443913       -0.438729      0.00262773
      85       -0.437111        -0.43871      0.00259707
      86       -0.432078       -0.438634      0.00256817
      87       -0.445008       -0.438706      0.00253985
      88       -0.410579        -0.43839      0.00253096
      89       -0.446732       -0.438483       0.0025044
      90       -0.411139       -0.438182      0.00249489
      91       -0.418707       -0.437971      0.00247668
      92       -0.427245       -0.437855      0.00245262
      93        -0.47571       -0.438258      0.00245958
      94       -0.430669       -0.438178      0.00243486
      95       -0.396392       -0.437743      0.00244837
      96       -0.421748       -0.437578       0.0024286
      97       -0.388975       -0.437082      0.00245432
      98       -0.481287       -0.437529       0.0024701
      99       -0.466557       -0.437819      0.00246244
     100       -0.466641       -0.438104      0.00245458
     101       -0.408939       -0.437818      0.00244716
     102       -0.453115       -0.437967      0.00242783
     103       -0.462985       -0.438207      0.00241638
     104       -0.468174       -0.438493      0.00241021
     105       -0.432866        -0.43844      0.00238796
     106       -0.423266       -0.438298      0.00236978
     107       -0.451304       -0.438418      0.00235082
     108       -0.478599       -0.438787      0.00235815
     109       -0.441255       -0.438809      0.00233672
     110       -0.466624        -0.43906      0.00232909
     111       -0.490164       -0.439516      0.00235287
     112       -0.454836       -0.439652      0.00233589
     113       -0.430809       -0.439574      0.00231661
     114       -0.431108       -0.439501      0.00229756
     115       -0.480107       -0.439851      0.00230441
     116       -0.431106       -0.439776      0.00228585
     117       -0.459929       -0.439947      0.00227282
     118       -0.477582       -0.440263      0.00227572
     119       -0.396106       -0.439895      0.00228648
     120       -0.451913       -0.439994      0.00226968
     121       -0.471505       -0.440253      0.00226577
     122       -0.415202       -0.440049      0.00225648
     123       -0.427309       -0.439946      0.00224057
     124       -0.450265       -0.440029      0.00222411
     125       -0.391913       -0.439647      0.00223919
     126       -0.407307       -0.439392      0.00223603
     127       -0.478535       -0.439698      0.00223947
     128       -0.464223       -0.439888      0.00223016
     129       -0.438093       -0.439874      0.00221298
     130       -0.446334       -0.439924      0.00219658
     131       -0.458696       -0.440066      0.00218451
     132       -0.473836        -0.44032      0.00218284
     133       -0.457349       -0.440447      0.00217021
     134       -0.440656       -0.440448      0.00215408
     135       -0.446961       -0.440496      0.00213872
     136       -0.460499       -0.440642      0.00212806
     137       -0.401225       -0.440357      0.00213181
     138       -0.456914       -0.440476      0.00211977
     139       -0.445665       -0.440513       0.0021049
     140       -0.456988        -0.44063      0.00209318
     141       -0.445901       -0.440667      0.00207872
     142        -0.46134       -0.440811      0.00206919
     143       -0.452015       -0.440889      0.00205624
     144       -0.444744       -0.440916      0.00204218
     145       -0.426657       -0.440818       0.0020305
     146       -0.468662       -0.441008      0.00202551
     147       -0.465551       -0.441173       0.0020186
     148       -0.460986       -0.441306      0.00200941
     149       -0.435366       -0.441267      0.00199636
     150       -0.424287       -0.441154      0.00198629
     151       -0.457331       -0.441261      0.00197604
     152       -0.470291        -0.44145      0.00197223
     153        -0.44648       -0.441483      0.00195966
     154       -0.441607       -0.441484      0.00194697
     155       -0.422794       -0.441364      0.00193816
     156       -0.478446         -0.4416       0.0019402
     157       -0.452311       -0.441668      0.00192908
     158       -0.445616       -0.441693      0.00191707
     159       -0.456244       -0.441784      0.00190722
     160        -0.47498        -0.44199      0.00190652
     161       -0.448597       -0.442031      0.00189515
     162       -0.464888       -0.442171       0.0018887
     163         -0.4263       -0.442074      0.00187964
     164       -0.438803       -0.442054      0.00186832
     165        -0.38233       -0.441695      0.00189156
     166        -0.46873       -0.441857      0.00188716
     167       -0.428242       -0.441776      0.00187764
     168       -0.478623       -0.441994      0.00187919
     169       -0.441909       -0.441993       0.0018681
     170       -0.432739       -0.441939      0.00185793
     171        -0.43564       -0.441902      0.00184746
     172       -0.474404        -0.44209      0.00184634
     173        -0.42992        -0.44202      0.00183703
     174       -0.394237       -0.441747       0.0018468
     175        -0.42078       -0.441628      0.00184013
     176       -0.453855       -0.441697      0.00183101
     177       -0.433899       -0.441653      0.00182122
     178       -0.454894       -0.441727      0.00181253
     179       -0.431817       -0.441672      0.00180327
     180       -0.469134       -0.441824      0.00179969
     181       -0.488723       -0.442082      0.00180823
     182        -0.48247       -0.442302      0.00181181
     183       -0.447704       -0.442332      0.00180218
     184        -0.45558       -0.442403      0.00179384
     185       -0.441289       -0.442397      0.00178418
     186         -0.4229       -0.442293      0.00177767
     187       -0.436592       -0.442263      0.00176845
     188        -0.45045       -0.442306       0.0017596
     189       -0.463321       -0.442417      0.00175381
     190       -0.449799       -0.442455      0.00174503
     191       -0.441238       -0.442449      0.00173593
     192       -0.437096       -0.442421      0.00172714
     193       -0.444578       -0.442432      0.00171825
     194       -0.397712       -0.442203      0.00172473
     195       -0.468624       -0.442338      0.00172119
     196       -0.451788       -0.442386       0.0017131
     197       -0.465739       -0.442504      0.00170851
     198       -0.410778       -0.442344      0.00170736
     199       -0.461594       -0.442441      0.00170152
     200        -0.46178       -0.442537      0.00169577
     201       -0.399727       -0.442325      0.00170061
     202       -0.438848       -0.442308       0.0016923
     203       -0.459345       -0.442391      0.00168605
     204       -0.440491       -0.442382      0.00167783
     205       -0.422607       -0.442286      0.00167243
     206       -0.425667       -0.442206      0.00166626
     207       -0.469407       -0.442336      0.00166338
     208       -0.456468       -0.442404      0.00165678
     209       -0.399726       -0.442201      0.00166135
     210       -0.420841         -0.4421      0.00165656
     211       -0.426197       -0.442025      0.00165043
     212       -0.430588       -0.441971      0.00164354
     213       -0.422475        -0.44188      0.00163838
     214       -0.425418       -0.441803      0.00163254
     215       -0.477739        -0.44197      0.00163345
     216       -0.449951       -0.442006      0.00162632
     217       -0.432683       -0.441964      0.00161941
     218       -0.467909       -0.442082      0.00161635
     219       -0.438454       -0.442066      0.00160907
     220       -0.434816       -0.442033      0.00160211
     221       -0.435035       -0.442001      0.00159519
     222        -0.42687       -0.441933      0.00158947
     223       -0.475816       -0.442085      0.00158957
     224       -0.474653       -0.442229      0.00158909
     225       -0.467017       -0.442339      0.00158584
     226       -0.455662       -0.442398      0.00157993
     227       -0.448084       -0.442423      0.00157318
     228       -0.413627       -0.442297      0.00157134
     229       -0.465642       -0.442399      0.00156778
     230       -0.430436       -0.442347      0.00156184
     231       -0.442246       -0.442346      0.00155509
     232        -0.42926        -0.44229      0.00154942
     233       -0.448147       -0.442315      0.00154299
     234        -0.43609       -0.442289      0.00153664
     235       -0.451986        -0.44233      0.00153066
     236        -0.37775       -0.442057      0.00154836
     237        -0.47324       -0.442188      0.00154739
     238        -0.42684       -0.442124      0.00154224
     239       -0.455137       -0.442178      0.00153676
     240       -0.457526       -0.442242       0.0015317
     241       -0.447873       -0.442265      0.00152553
     242       -0.448608       -0.442291      0.00151946
     243       -0.480996        -0.44245      0.00152152
     244       -0.444099       -0.442457      0.00151531
     245       -0.454555       -0.442506      0.00150994
     246       -0.476313       -0.442643      0.00151003
     247       -0.467535       -0.442743      0.00150727
     248       -0.481145       -0.442897      0.00150911
     249       -0.451537       -0.442932      0.00150346
     250       -0.438257       -0.442913      0.00149757
     251       -0.422963       -0.442834      0.00149372
     252       -0.416764       -0.442731      0.00149136
     253       -0.456991       -0.442787      0.00148654
     254       -0.462432       -0.442864       0.0014827
     255       -0.445188       -0.442873      0.00147693
     256       -0.471033       -0.442983      0.00147524
     257       -0.428996       -0.442929      0.00147051
     258        -0.46766       -0.443024      0.00146793
     259       -0.431283       -0.442979      0.00146298
     260       -0.472217       -0.443091      0.00146166
     261        -0.46755       -0.443184      0.00145906
     262       -0.443851       -0.443187       0.0014535
     263       -0.440492       -0.443177      0.00144802
     264       -0.464204       -0.443256      0.00144473
     265       -0.449695        -0.44328      0.00143949
     266       -0.420908       -0.443196      0.00143653
     267       -0.469089       -0.443293      0.00143442
     268       -0.462072       -0.443363      0.00143078
     269       -0.466838        -0.44345      0.00142812
     270       -0.477241       -0.443575       0.0014283
     271       -0.478111       -0.443702      0.00142869
     272       -0.453811       -0.443739      0.00142393
     273       -0.447064       -0.443751      0.00141877
     274       -0.405444       -0.443611      0.00142045
     275       -0.445042       -0.443617      0.00141531
     276       -0.451831       -0.443646       0.0014105
     277       -0.440733       -0.443636      0.00140545
     278       -0.414505       -0.443531       0.0014043
     279       -0.464585       -0.443607      0.00140129
     280       -0.467576       -0.443692       0.0013989
     281       -0.416282       -0.443595      0.00139731
     282       -0.482002        -0.44373      0.00139896
     283        -0.39176       -0.443547      0.00140599
     284       -0.414395       -0.443445      0.00140478
     285       -0.469587       -0.443536      0.00140284
     286       -0.435715       -0.443509      0.00139821
     287       -0.408882       -0.443389      0.00139852
     288       -0.493484       -0.443562      0.00140441
     289       -0.428758       -0.443511      0.00140049
     290       -0.457643        -0.44356      0.00139651
     291        -0.47458       -0.443666      0.00139577
     292       -0.450755        -0.44369      0.00139121
     293       -0.434608       -0.443659      0.00138681
     294       -0.459042       -0.443712      0.00138309
     295       -0.425934       -0.443651      0.00137972
     296       -0.484192       -0.443788      0.00138182
     297       -0.466165       -0.443863      0.00137922
     298       -0.473941       -0.443964      0.00137828
     299       -0.444776       -0.443966      0.00137368
     300       -0.426952        -0.44391      0.00137027
     301        -0.41567       -0.443816      0.00136893
     302       -0.443089       -0.443814       0.0013644
     303       -0.446255       -0.443822      0.00135993
     304        -0.44213       -0.443816      0.00135548
     305       -0.392538       -0.443649      0.00136139
     306       -0.465994       -0.443722       0.0013589
     307       -0.435894       -0.443696      0.00135472
     308       -0.473643       -0.443793       0.0013538
     309       -0.425106       -0.443733      0.00135077
     310       -0.434316       -0.443703      0.00134676
     311       -0.463394       -0.443766      0.00134392
     312       -0.411768       -0.443663      0.00134352
     313       -0.434915       -0.443636      0.00133952
     314       -0.444579       -0.443639      0.00133527
     315       -0.463721       -0.443702      0.00133255
     316       -0.446115        -0.44371      0.00132836
     317       -0.451392       -0.443734       0.0013244
     318       -0.458431        -0.44378      0.00132104
     319       -0.450845       -0.443802      0.00131709
     320       -0.450592       -0.443823      0.00131315
     321       -0.433763       -0.443792      0.00130944
     322        -0.38899       -0.443622      0.00131636
     323       -0.428525       -0.443576      0.00131312
     324       -0.460383       -0.443627      0.00131009
     325       -0.420501       -0.443556        0.001308
     326       -0.450668       -0.443578      0.00130417
     327       -0.442976       -0.443576      0.00130019
     328        -0.46365       -0.443637      0.00129767
     329       -0.436975       -0.443617      0.00129389
     330       -0.478689       -0.443723      0.00129432
     331       -0.452286       -0.443749      0.00129067
     332       -0.444458       -0.443751      0.00128679
     333       -0.437206       -0.443731      0.00128308
     334       -0.414508       -0.443644      0.00128222
     335       -0.451027       -0.443666      0.00127858
     336       -0.456508       -0.443704      0.00127535
     337       -0.483723       -0.443823      0.00127707
     338       -0.465588       -0.443887      0.00127492
     339        -0.45327       -0.443915      0.00127146
     340       -0.426796       -0.443864      0.00126872
     341       -0.458001       -0.443906      0.00126568
     342       -0.444054       -0.443906      0.00126199
     343       -0.393107       -0.443758      0.00126695
     344       -0.425245       -0.443705      0.00126441
     345       -0.469906        -0.44378      0.00126302
     346       -0.417475       -0.443705      0.00126166
     347       -0.399216       -0.443577      0.00126451
     348        -0.36562       -0.443353      0.00128051
     349       -0.424461       -0.443299      0.00127799
     350       -0.445236       -0.443305      0.00127435
     351       -0.435061       -0.443282      0.00127094
     352       -0.435713        -0.44326      0.00126752
     353       -0.487632       -0.443385      0.00127013
     354       -0.445213       -0.443391      0.00126656
     355       -0.479644       -0.443492       0.0012671
     356       -0.436139       -0.443472      0.00126371
     357       -0.463523       -0.443528      0.00126142
     358       -0.436877       -0.443509      0.00125804
     359       -0.433917       -0.443483      0.00125482
     360       -0.472014       -0.443562      0.00125383
     361       -0.448049       -0.443574      0.00125043
     362       -0.454802       -0.443605      0.00124736
     363       -0.451466       -0.443627      0.00124412
     364       -0.469511       -0.443698      0.00124273
     365       -0.462609       -0.443749       0.0012404
     366       -0.423957       -0.443695       0.0012382
     367       -0.415576       -0.443619      0.00123719
     368       -0.446195       -0.443626      0.00123385
     369       -0.419149        -0.44356      0.00123229
     370       -0.482312       -0.443664      0.00123339
     371       -0.463593       -0.443718      0.00123124
     372        -0.39072       -0.443576      0.00123613
     373       -0.458447       -0.443615      0.00123346
     374       -0.443478       -0.443615      0.00123016
     375       -0.368726       -0.443416      0.00124295
     376       -0.447635       -0.443427       0.0012397
     377       -0.462044       -0.443476       0.0012374
     378       -0.457519       -0.443513      0.00123468
     379       -0.459175       -0.443555      0.00123212
     380       -0.460397       -0.443599      0.00122968
     381        -0.49053       -0.443722      0.00123259
     382       -0.401963       -0.443613      0.00123419
     383       -0.480687       -0.443709      0.00123476
     384       -0.458226       -0.443747      0.00123212
     385       -0.465606       -0.443804      0.00123023
     386       -0.458886       -0.443843      0.00122766
     387       -0.455304       -0.443872      0.00122485
     388       -0.448494       -0.443884      0.00122176
     389       -0.413659       -0.443806      0.00122108
     390       -0.448642       -0.443819      0.00121802
     391       -0.457681       -0.443854      0.00121542
     392       -0.470748       -0.443923      0.00121426
     393       -0.441676       -0.443917      0.00121118
     394       -0.445492       -0.443921      0.00120812
     395       -0.452954       -0.443944      0.00120528
     396       -0.489378       -0.444058      0.00120768
     397       -0.421544       -0.444002      0.00120596
     398       -0.429108       -0.443964      0.00120352
     399       -0.443206       -0.443962      0.00120051
     400       -0.464584       -0.444014      0.00119861
     401       -0.405521       -0.443918      0.00119945
     402       -0.465922       -0.443973      0.00119772
     403       -0.464924       -0.444024      0.00119588
     404       -0.463019       -0.444071      0.00119384
     405       -0.439355        -0.44406      0.00119095
     406       -0.427789        -0.44402       0.0011887
     407       -0.451441       -0.444038      0.00118592
     408       -0.383683        -0.44389      0.00119218
     409       -0.433116       -0.443864      0.00118956
     410       -0.464892       -0.443915      0.00118777
     411       -0.390073       -0.443785      0.00119207
     412       -0.476608       -0.443864      0.00119183
     413       -0.465226       -0.443916      0.00119007
     414       -0.445322       -0.443919       0.0011872
     415       -0.418605       -0.443858      0.00118591
     416       -0.474074       -0.443931      0.00118527
     417       -0.450956       -0.443947      0.00118256
     418        -0.44663       -0.443954      0.00117975
     419       -0.444591       -0.443955      0.00117694
     420       -0.455723       -0.443983      0.00117447
     421        -0.46945       -0.444044      0.00117324
     422         -0.4287       -0.444007      0.00117102
     423       -0.449679       -0.444021      0.00116833
     424       -0.455151       -0.444047      0.00116587
     425       -0.440292       -0.444038      0.00116317
     426       -0.451109       -0.444055      0.00116056
     427       -0.427871       -0.444017      0.00115846
     428       -0.426262       -0.443976       0.0011565
     429       -0.423527       -0.443928      0.00115479
     430       -0.444324       -0.443929       0.0011521
     431       -0.457631       -0.443961      0.00114987
     432       -0.442749       -0.443958      0.00114722
     433       -0.420747       -0.443904      0.00114582
     434       -0.466171       -0.443956      0.00114433
     435       -0.467043       -0.444008      0.00114293
     436       -0.369934       -0.443839      0.00115284
     437        -0.47205       -0.443903        0.001152
     438       -0.451745       -0.443921      0.00114952
     439       -0.419557       -0.443866      0.00114824
     440       -0.403879       -0.443775      0.00114921
     441       -0.467087       -0.443828      0.00114782
     442       -0.457711       -0.443859      0.00114566
     443       -0.426546        -0.44382      0.00114374
     444       -0.462274       -0.443862      0.00114192
     445       -0.442846       -0.443859      0.00113936
     446       -0.445827       -0.443864      0.00113681
     447        -0.45187       -0.443882      0.00113441
     448       -0.439938       -0.443873      0.00113192
     449       -0.388352        -0.44375      0.00113612
     450       -0.443779        -0.44375       0.0011336
     451        -0.45868       -0.443783      0.00113157
     452       -0.483231        -0.44387      0.00113242
     453       -0.454632       -0.443893      0.00113017
     454       -0.457405       -0.443923      0.00112808
     455       -0.518817       -0.444087      0.00113752
     456       -0.464572       -0.444132      0.00113591
     457       -0.446046       -0.444136      0.00113344
     458        -0.47642       -0.444207      0.00113315
     459       -0.395399       -0.444101      0.00113565
     460       -0.434904       -0.444081      0.00113336
     461       -0.448072       -0.444089      0.00113094
     462       -0.461273       -0.444126       0.0011291
     463       -0.465979       -0.444174      0.00112765
     464       -0.433504       -0.444151      0.00112546
     465       -0.459236       -0.444183      0.00112351
     466       -0.449926       -0.444195      0.00112117
     467       -0.442458       -0.444192      0.00111877
     468       -0.454916       -0.444214      0.00111662
     469        -0.45972       -0.444247      0.00111473
     470       -0.439544       -0.444237      0.00111241
     471       -0.451519       -0.444253      0.00111015
     472       -0.425875       -0.444214      0.00110849
     473       -0.434332       -0.444193      0.00110634
     474       -0.472438       -0.444253      0.00110561
     475       -0.433818       -0.444231       0.0011035
     476       -0.438625       -0.444219      0.00110125
     477       -0.439022       -0.444208        0.001099
     478       -0.429827       -0.444178      0.00109711
     479       -0.445889       -0.444182      0.00109483
     480       -0.455819       -0.444206      0.00109282
     481       -0.420007       -0.444156       0.0010917
     482       -0.436872       -0.444141      0.00108955
     483       -0.426596       -0.444104       0.0010879
     484       -0.413715       -0.444042      0.00108746
     485       -0.450354       -0.444055       0.0010853
     486       -0.471704       -0.444111      0.00108455
     487       -0.453341        -0.44413      0.00108249
     488       -0.438904        -0.44412      0.00108033
     489       -0.503107        -0.44424      0.00108482
     490        -0.45752       -0.444267      0.00108295
     491       -0.441468       -0.444261      0.00108076
     492       -0.472741       -0.444319      0.00108011
     493        -0.44318       -0.444317      0.00107792
     494       -0.455831        -0.44434        0.001076
     495       -0.467004       -0.444386       0.0010748
     496       -0.429505       -0.444356      0.00107305
     497       -0.423022       -0.444313      0.00107175
     498       -0.399512       -0.444223      0.00107336
     499       -0.397163       -0.444129      0.00107534
     500       -0.466977       -0.444175      0.00107416
     501        -0.47316       -0.444232      0.00107357
     502       -0.456336       -0.444256       0.0010717
     503       -0.444008       -0.444256      0.00106958
     504       -0.430717       -0.444229      0.00106779
     505       -0.386728       -0.444116      0.00107172
     506       -0.421184        -0.44407      0.00107056
     507       -0.449047        -0.44408       0.0010685
     508       -0.472861       -0.444137      0.00106789
     509       -0.417686       -0.444085      0.00106706
     510       -0.475589       -0.444146      0.00106675
     511       -0.482239       -0.444221      0.00106726
     512       -0.436448       -0.444206      0.00106529
     513       -0.398799       -0.444117      0.00106688
     514       -0.449506       -0.444128      0.00106486
     515       -0.451653       -0.444142      0.00106289
     516       -0.453124        -0.44416      0.00106097
     517       -0.448525       -0.444168      0.00105896
     518       -0.469984       -0.444218      0.00105808
     519        -0.45743       -0.444243      0.00105635
     520       -0.452675        -0.44426      0.00105445
     521       -0.455973       -0.444282      0.00105267
     522       -0.459281       -0.444311      0.00105104
     523       -0.443491       -0.444309      0.00104904
     524        -0.42756       -0.444277      0.00104752
     525       -0.452317       -0.444292      0.00104564
     526       -0.446528       -0.444297      0.00104366
     527       -0.461267       -0.444329      0.00104218
     528       -0.433018       -0.444307      0.00104043
     529       -0.397847        -0.44422      0.00104216
     530        -0.50243       -0.444329      0.00104595
     531       -0.451779       -0.444343      0.00104408
     532       -0.446801       -0.444348      0.00104213
     533       -0.459001       -0.444375      0.00104054
     534       -0.456153       -0.444397      0.00103882
     535       -0.460291       -0.444427      0.00103731
     536       -0.436771       -0.444413      0.00103547
     537       -0.483836       -0.444486      0.00103614
     538       -0.438186       -0.444474      0.00103428
     539       -0.370424       -0.444337      0.00104143
     540       -0.468249       -0.444382      0.00104044
     541       -0.433766       -0.444362      0.00103871
     542       -0.436624       -0.444348      0.00103689
     543       -0.450297       -0.444359      0.00103504
     544         -0.4176        -0.44431      0.00103431
     545       -0.451231       -0.444322      0.00103249
     546         -0.4234       -0.444284      0.00103131
     547       -0.462252       -0.444317      0.00102995
     548        -0.43122       -0.444293      0.00102835
     549       -0.429536       -0.444266      0.00102682
     550        -0.48639       -0.444343      0.00102781
     551       -0.426907       -0.444311      0.00102643
     552       -0.437713       -0.444299      0.00102464
     553        -0.45139       -0.444312      0.00102287
     554       -0.482981       -0.444381       0.0010234
     555       -0.434109       -0.444363      0.00102172
     556       -0.465396       -0.444401      0.00102059
     557       -0.438301        -0.44439      0.00101881
     558       -0.446558       -0.444394        0.001017
     559       -0.460072       -0.444422      0.00101557
     560       -0.457227       -0.444445      0.00101401
     561       -0.470351       -0.444491      0.00101325
     562       -0.460999        -0.44452      0.00101188
     563       -0.443825       -0.444519      0.00101008
     564       -0.451141        -0.44453      0.00100836
     565       -0.394981       -0.444443      0.00101038
     566       -0.422394       -0.444404      0.00100934
     567       -0.458213       -0.444428      0.00100786
     568       -0.412056       -0.444371      0.00100769
     569       -0.451809       -0.444384      0.00100601
     570       -0.427697       -0.444355      0.00100467
     571       -0.468544       -0.444398       0.0010038
     572       -0.458281       -0.444422      0.00100234
     573       -0.445409       -0.444423       0.0010006
     574       -0.457816       -0.444447     0.000999127
     575       -0.453346       -0.444462      0.00099751
     576       -0.467823       -0.444503     0.000996603
     577       -0.433193       -0.444483     0.000995069
     578       -0.422447       -0.444445     0.000994078
     579       -0.474176       -0.444496     0.000993686
     580       -0.434882        -0.44448     0.000992112
     581       -0.462354       -0.444511     0.000990882
     582       -0.433993       -0.444492     0.000989345
     583       -0.456928       -0.444514     0.000987879
     584       -0.465564        -0.44455     0.000986845
     585       -0.458644       -0.444574     0.000985453
     586       -0.470509       -0.444618     0.000984765
     587       -0.435429       -0.444602     0.000983213
     588       -0.474763       -0.444654     0.000982877
     589       -0.425546       -0.444621     0.000981744
     590       -0.424278       -0.444587     0.000980685
     591       -0.450438       -0.444597     0.000979077
     592       -0.455247       -0.444615      0.00097759
     593       -0.434217       -0.444597       0.0009761
     594       -0.416669        -0.44455     0.000975588
     595       -0.415978       -0.444502     0.000975129
     596       -0.442521       -0.444499     0.000973499
     597       -0.451838       -0.444511     0.000971948
     598       -0.463078       -0.444542     0.000970819
     599       -0.424868       -0.444509     0.000969754
     600       -0.479207       -0.444567     0.000969859
     601       -0.476498        -0.44462     0.000969698
     602       -0.417587       -0.444575     0.000969126
     603       -0.425743       -0.444544     0.000968022
     604       -0.433316       -0.444526     0.000966599
     605       -0.421639       -0.444488     0.000965742
     606       -0.475754       -0.444539     0.000965524
     607        -0.40109       -0.444468      0.00096658
     608       -0.472673       -0.444514     0.000966103
     609        -0.47797       -0.444569     0.000966076
     610       -0.456759       -0.444589     0.000964699
     611       -0.442761       -0.444586     0.000963127
     612       -0.430319       -0.444563     0.000961836
     613       -0.463899       -0.444594     0.000960784
     614       -0.422304       -0.444558     0.000959905
     615        -0.48675       -0.444626      0.00096079
     616       -0.440803        -0.44462     0.000959252
     617       -0.459377       -0.444644     0.000957996
     618       -0.453463       -0.444658     0.000956553
     619       -0.477891       -0.444712     0.000956512
     620       -0.435932       -0.444698     0.000955075
     621       -0.396454        -0.44462     0.000956688
     622        -0.42939       -0.444596     0.000955464
     623       -0.428888       -0.444571     0.000954263
     624       -0.420263       -0.444532     0.000953529
     625       -0.415971       -0.444486     0.000953097
     626       -0.464283       -0.444518     0.000952099
     627       -0.413816       -0.444469     0.000951838
     628        -0.43003       -0.444446     0.000950601
     629       -0.459696        -0.44447       0.0009494
     630        -0.47139       -0.444513     0.000948853
     631       -0.392616       -0.444431     0.000950903
     632       -0.409333       -0.444375     0.000951017
     633       -0.473434       -0.444421     0.000950622
     634       -0.421669       -0.444385       0.0009498
     635       -0.449057       -0.444393     0.000948334
     636       -0.463949       -0.444423     0.000947341
     637       -0.442237        -0.44442     0.000945861
     638       -0.441443       -0.444415     0.000944392
     639       -0.450391       -0.444424     0.000942961
     640       -0.444816       -0.444425     0.000941489
     641       -0.422004        -0.44439      0.00094067
     642       -0.460429       -0.444415     0.000939537
     643       -0.436406       -0.444403     0.000938159
     644       -0.452408       -0.444415     0.000936786
     645       -0.470555       -0.444456      0.00093621
     646       -0.450943       -0.444466     0.000934815
     647       -0.410265       -0.444413     0.000934862
     648        -0.43183       -0.444393     0.000933622
     649       -0.394593       -0.444317     0.000935328
     650       -0.425242       -0.444288      0.00093435
     651       -0.456049       -0.444306      0.00093309
     652       -0.423055       -0.444273     0.000932228
     653       -0.409467        -0.44422     0.000932322
     654       -0.448683       -0.444227     0.000930922
     655       -0.453943       -0.444241      0.00092962
     656       -0.446137       -0.444244     0.000928209
     657       -0.447952        -0.44425     0.000926814
     658       -0.428036       -0.444225     0.000925734
     659       -0.459213       -0.444248     0.000924609
     660        -0.48219       -0.444305     0.000924992
     661        -0.42295       -0.444273     0.000924157
     662       -0.457024       -0.444292     0.000922962
     663       -0.488317       -0.444359     0.000923953
     664       -0.457572       -0.444379     0.000922776
     665       -0.442772       -0.444376     0.000921393
     666       -0.440454        -0.44437     0.000920029
     667       -0.399088       -0.444302     0.000921149
     668       -0.440166       -0.444296     0.000919792
     669       -0.417383       -0.444256     0.000919296
     670       -0.432797       -0.444239     0.000918083
     671       -0.445895       -0.444242      0.00091672
     672       -0.428133       -0.444218     0.000915669
     673       -0.439045        -0.44421     0.000914342
     674       -0.421195       -0.444176     0.000913623
     675       -0.394992       -0.444103     0.000915167
     676       -0.443889       -0.444103     0.000913814
     677       -0.422282       -0.444071     0.000913033
     678       -0.492196       -0.444141     0.000914438
     679       -0.449386       -0.444149     0.000913125
     680       -0.416764       -0.444109     0.000912669
     681       -0.462582       -0.444136     0.000911733
     682       -0.371432        -0.44403     0.000916599
     683       -0.463483       -0.444058       0.0009157
     684       -0.453422       -0.444072     0.000914464
     685        -0.41117       -0.444024     0.000914389
     686       -0.444094       -0.444024     0.000913057
     687       -0.462938       -0.444051     0.000912143
     688       -0.453614       -0.444065     0.000910924
     689        -0.43997       -0.444059     0.000909622
     690       -0.461102       -0.444084      0.00090864
     691       -0.435347       -0.444071     0.000907414
     692        -0.44118       -0.444067     0.000906113
     693       -0.427539       -0.444043      0.00090512
     694       -0.425887       -0.444017     0.000904194
     695        -0.45598       -0.444034     0.000903057
     696       -0.477373       -0.444082     0.000903028
     697       -0.438166       -0.444074     0.000901774
     698       -0.469177        -0.44411     0.000901198
     699       -0.453112       -0.444123     0.000900002
     700       -0.468495       -0.444157     0.000899389
     701       -0.455499       -0.444173     0.000898253
     702       -0.442476       -0.444171     0.000896977
     703       -0.472392       -0.444211     0.000896599
     704       -0.448907       -0.444218     0.000895351
     705       -0.442303       -0.444215     0.000894086
     706        -0.43982       -0.444209     0.000892842
     707       -0.417435       -0.444171     0.000892382
     708       -0.395448       -0.444102     0.000893768
     709       -0.450209       -0.444111      0.00089255
     710       -0.402392       -0.444052     0.000893223
     711       -0.430388       -0.444033     0.000892174
     712       -0.483231       -0.444088     0.000892616
     713       -0.464857       -0.444117      0.00089184
     714       -0.402236       -0.444059     0.000892516
     715       -0.437315       -0.444049     0.000891318
     716       -0.457665       -0.444068     0.000890277
     717       -0.469002       -0.444103     0.000889714
     718        -0.46328        -0.44413     0.000888876
     719       -0.443009       -0.444128     0.000887642
     720       -0.463518       -0.444155     0.000886818
     721       -0.435641       -0.444143     0.000885667
     722       -0.477237       -0.444189     0.000885625
     723       -0.466407        -0.44422     0.000884933
     724       -0.497517       -0.444293     0.000886764
     725       -0.473108       -0.444333     0.000886431
     726        -0.47376       -0.444373     0.000886136
     727       -0.463987         -0.4444     0.000885328
     728       -0.409175       -0.444352     0.000885432
     729        -0.43392       -0.444338     0.000884333
     730       -0.446121        -0.44434     0.000883126
     731       -0.450271       -0.444348     0.000881956
     732       -0.466112       -0.444378     0.000881253
     733       -0.456111       -0.444394     0.000880196
     734       -0.414704       -0.444353     0.000879926
     735       -0.439351       -0.444347     0.000878755
     736       -0.448305       -0.444352     0.000877579
     737       -0.457702        -0.44437     0.000876575
     738        -0.46272       -0.444395     0.000875741
     739       -0.441043        -0.44439     0.000874568
     740       -0.372879       -0.444294     0.000878703
     741       -0.430106       -0.444275     0.000877726
     742       -0.445035       -0.444276     0.000876544
     743       -0.441691       -0.444272     0.000875372
     744       -0.486637       -0.444329     0.000876044
     745       -0.455842       -0.444345     0.000875005
     746       -0.448642        -0.44435     0.000873852
     747       -0.423925       -0.444323      0.00087311
     748       -0.467368       -0.444354     0.000872486
     749       -0.407003       -0.444304     0.000872744
     750         -0.4749       -0.444345     0.000872533
     751       -0.419227       -0.444311     0.000872012
     752       -0.465699        -0.44434     0.000871316
     753       -0.465765       -0.444368     0.000870624
     754        -0.43481       -0.444355     0.000869562
     755       -0.477699         -0.4444      0.00086953
     756       -0.445517       -0.444401     0.000868382
     757       -0.451625       -0.444411     0.000867288
     758       -0.421947       -0.444381      0.00086665
     759       -0.446206       -0.444383     0.000865512
     760       -0.434464        -0.44437     0.000864473
     761        -0.45269       -0.444381     0.000863406
     762       -0.469034       -0.444414     0.000862879
     763       -0.478542       -0.444458     0.000862906
     764       -0.429197       -0.444438     0.000862008
     765       -0.446074        -0.44444     0.000860885
     766       -0.466586       -0.444469     0.000860246
     767       -0.457431       -0.444486     0.000859291
     768       -0.418942       -0.444453     0.000858816
     769       -0.431173       -0.444436     0.000857873
     770       -0.451836       -0.444445     0.000856813
     771       -0.469081       -0.444477     0.000856298
     772       -0.472035       -0.444513     0.000855932
     773       -0.447955       -0.444517     0.000854837
     774       -0.410822       -0.444474      0.00085484
     775       -0.459033       -0.444493     0.000853943
     776       -0.412213       -0.444451     0.000853855
     777       -0.468339       -0.444482     0.000853309
     778        -0.46581       -0.444509     0.000852653
     779        -0.45985       -0.444529     0.000851786
     780       -0.453112        -0.44454     0.000850766
     781       -0.465767       -0.444567     0.000850111
     782        -0.47123       -0.444601     0.000849707
     783        -0.41769       -0.444567     0.000849316
     784        -0.45563       -0.444581     0.000848351
     785        -0.42172       -0.444552      0.00084777
     786       -0.407228       -0.444504     0.000848019
     787       -0.415497       -0.444467     0.000847742
     788       -0.454233        -0.44448     0.000846757
     789       -0.389749       -0.444411     0.000848518
     790       -0.447927       -0.444415     0.000847456
     791       -0.424246        -0.44439     0.000846768
     792           -0.44       -0.444384     0.000845718
     793       -0.415282       -0.444347     0.000845447
     794       -0.464994       -0.444373     0.000844782
     795       -0.427958       -0.444353     0.000843972
     796       -0.440422       -0.444348     0.000842927
     797       -0.392239       -0.444282     0.000844399
     798       -0.422509       -0.444255     0.000843781
     799       -0.402397       -0.444203     0.000844349
     800       -0.461966       -0.444225     0.000843586
     801       -0.465701       -0.444252     0.000842958
     802       -0.457137       -0.444268     0.000842061
     803        -0.45232       -0.444278     0.000841073
     804       -0.445207       -0.444279     0.000840028
     805        -0.40506        -0.44423     0.000840395
     806       -0.422923       -0.444204     0.000839768
     807       -0.488596       -0.444259     0.000840526
     808       -0.445005        -0.44426     0.000839487
     809        -0.48098       -0.444305     0.000839674
     810       -0.431922        -0.44429     0.000838777
     811       -0.440848       -0.444286     0.000837754
     812       -0.440229       -0.444281     0.000836738
     813       -0.478019       -0.444322     0.000836737
     814       -0.440212       -0.444317     0.000835724
     815       -0.455619       -0.444331     0.000834815
     816       -0.421837       -0.444303     0.000834247
     817       -0.449108       -0.444309     0.000833247
     818       -0.451818       -0.444318     0.000832279
     819       -0.462509       -0.444341      0.00083156
     820       -0.429133       -0.444322     0.000830753
     821       -0.459744       -0.444341     0.000829954
     822       -0.415719       -0.444306     0.000829674
     823        -0.44007       -0.444301     0.000828682
     824       -0.427622       -0.444281     0.000827924
     825       -0.442286       -0.444278     0.000826925
     826       -0.462432         -0.4443     0.000826216
     827       -0.421088       -0.444272     0.000825693
     828       -0.492036        -0.44433     0.000826707
     829       -0.446849       -0.444333     0.000825716
     830       -0.447985       -0.444337     0.000824733
     831       -0.458412       -0.444354     0.000823915
     832       -0.455538       -0.444368     0.000823035
     833       -0.459698       -0.444386     0.000822253
     834       -0.416942       -0.444353     0.000821925
     835       -0.455771       -0.444367     0.000821055
     836       -0.457887       -0.444383     0.000820232
     837       -0.415633       -0.444349     0.000819971
     838        -0.46424       -0.444372     0.000819336
     839       -0.460116       -0.444391     0.000818575
     840       -0.470624       -0.444422     0.000818196
     841       -0.444823       -0.444423     0.000817224
     842       -0.405129       -0.444376     0.000817583
     843       -0.463256       -0.444399      0.00081692
     844       -0.434985       -0.444387     0.000816029
     845       -0.430427       -0.444371     0.000815231
     846       -0.417362       -0.444339     0.000814892
     847       -0.450125       -0.444346     0.000813959
     848       -0.472344       -0.444379     0.000813668
     849       -0.461269       -0.444399     0.000812954
     850        -0.44585         -0.4444     0.000811999
     851        -0.44239       -0.444398     0.000811049
     852       -0.435899       -0.444388     0.000810159
     853       -0.404006       -0.444341      0.00081059
     854       -0.454761       -0.444353     0.000809733
     855       -0.415413       -0.444319     0.000809493
     856       -0.433378       -0.444306     0.000808649
     857       -0.451292       -0.444314     0.000807747
     858       -0.455508       -0.444328     0.000806911
     859       -0.438304       -0.444321     0.000806003
     860       -0.478407        -0.44436     0.000806039
     861       -0.455036       -0.444373     0.000805199
     862       -0.452289       -0.444382     0.000804317
     863       -0.448258       -0.444386     0.000803399
     864       -0.450242       -0.444393     0.000802498
     865        -0.42742       -0.444373      0.00080181
     866       -0.441889        -0.44437      0.00080089
     867       -0.495038       -0.444429     0.000802094
     868       -0.463223        -0.44445     0.000801462
     869       -0.428376       -0.444432     0.000800753
     870       -0.407976        -0.44439     0.000800928
     871       -0.425233       -0.444368      0.00080031
     872       -0.467217       -0.444394     0.000799822
     873       -0.453722       -0.444405     0.000798977
     874        -0.46547       -0.444429     0.000798427
     875       -0.478123       -0.444468     0.000798442
     876       -0.477976       -0.444506     0.000798445
     877       -0.446346       -0.444508     0.000797538
     878       -0.466689       -0.444533      0.00079703
     879       -0.516378       -0.444615     0.000800299
     880        -0.46867       -0.444642     0.000799856
     881       -0.423965       -0.444619     0.000799293
     882        -0.43172       -0.444604     0.000798521
     883       -0.469093       -0.444632     0.000798098
     884       -0.425514        -0.44461     0.000797488
     885        -0.45085       -0.444617     0.000796618
     886       -0.444749       -0.444617      0.00079572
     887       -0.454611       -0.444629     0.000794903
     888       -0.408395       -0.444588     0.000795054
     889       -0.447399       -0.444591     0.000794166
     890       -0.468447       -0.444618     0.000793726
     891       -0.451342       -0.444625     0.000792872
     892        -0.40295       -0.444579     0.000793357
     893       -0.453202       -0.444588     0.000792528
     894        -0.44182       -0.444585     0.000791648
     895       -0.427282       -0.444566        0.000791
     896       -0.436165       -0.444556     0.000790173
     897       -0.478574       -0.444594     0.000790201
     898       -0.466103       -0.444618     0.000789684
     899         -0.4447       -0.444618     0.000788806
     900       -0.430844       -0.444603     0.000788078
     901       -0.431748       -0.444589     0.000787333
     902       -0.444538       -0.444589     0.000786461
     903       -0.476611       -0.444624     0.000786388
     904       -0.425752       -0.444603     0.000785796
     905       -0.456955       -0.444617     0.000785046
     906       -0.408045       -0.444577     0.000785216
     907       -0.462608       -0.444596     0.000784602
     908       -0.440968       -0.444593     0.000783749
     909       -0.400841       -0.444544     0.000784362
     910       -0.445513       -0.444545     0.000783501
     911       -0.474136       -0.444578     0.000783314
     912       -0.402461       -0.444532     0.000783814
     913       -0.467641       -0.444557     0.000783364
     914       -0.326609       -0.444428     0.000793054
     915       -0.391734       -0.444371     0.000794274
     916       -0.408048       -0.444331     0.000794395
     917       -0.425943       -0.444311     0.000793782
     918       -0.435376       -0.444301     0.000792978
     919       -0.442556       -0.444299     0.000792118
     920       -0.480379       -0.444339     0.000792226
     921       -0.449121       -0.444344     0.000791384
     922       -0.457116       -0.444358     0.000790647
     923        -0.43997       -0.444353     0.000789805
     924       -0.462011       -0.444372     0.000789182
     925       -0.424133        -0.44435     0.000788632
     926       -0.452076       -0.444358     0.000787825
     927       -0.455891       -0.444371     0.000787073
     928        -0.42586       -0.444351     0.000786478
     929       -0.439196       -0.444345     0.000785652
     930       -0.467124        -0.44437     0.000785189
     931       -0.470371       -0.444398     0.000784842
     932       -0.463773       -0.444419     0.000784275
     933       -0.438997       -0.444413     0.000783456
     934       -0.464342       -0.444434     0.000782908
     935       -0.448855       -0.444439     0.000782085
     936       -0.480448       -0.444477     0.000782195
     937       -0.415108       -0.444446     0.000781988
     938       -0.443539       -0.444445     0.000781155
     939       -0.462341       -0.444464     0.000780556
     940       -0.442673       -0.444462     0.000779728
     941        -0.41209       -0.444428     0.000779658
     942       -0.404663       -0.444385     0.000779971
     943       -0.416933       -0.444356     0.000779687
     944       -0.450654       -0.444363      0.00077889
     945       -0.452269       -0.444371     0.000778111
     946       -0.449069       -0.444376     0.000777305
     947       -0.441581       -0.444373      0.00077649
     948       -0.472051       -0.444403      0.00077622
     949       -0.426558       -0.444384      0.00077563
     950       -0.489214       -0.444431     0.000776246
     951       -0.470396       -0.444458      0.00077591
     952       -0.407955        -0.44442     0.000776041
     953       -0.462063       -0.444438     0.000775448
     954       -0.437189       -0.444431     0.000774673
     955       -0.453349        -0.44444     0.000773918
     956       -0.413611       -0.444408      0.00077378
     957       -0.441066       -0.444404      0.00077298
     958       -0.491704       -0.444454     0.000773747
     959       -0.449789       -0.444459      0.00077296
     960       -0.452954       -0.444468     0.000772206
     961       -0.429966       -0.444453      0.00077155
     962       -0.448636       -0.444457     0.000770761
     963       -0.428555       -0.444441     0.000770138
     964       -0.471301       -0.444469     0.000769843
     965       -0.467226       -0.444492     0.000769406
     966       -0.490652        -0.44454     0.000770091
     967       -0.457993       -0.444554      0.00076942
     968       -0.400208       -0.444508     0.000769987
     969       -0.417109        -0.44448     0.000769711
     970       -0.432766       -0.444468     0.000769013
     971       -0.386826       -0.444409     0.000770507
     972       -0.457523       -0.444422     0.000769833
     973       -0.461908        -0.44444     0.000769251
     974        -0.37267       -0.444366     0.000771979
     975       -0.422887       -0.444344     0.000771502
     976       -0.408275       -0.444307     0.000771596
     977       -0.447341       -0.444311     0.000770812
     978       -0.456285       -0.444323     0.000770122
     979        -0.44368       -0.444322     0.000769336
     980       -0.425734       -0.444303     0.000768785
     981       -0.440743         -0.4443      0.00076801
     982       -0.464138        -0.44432     0.000767494
     983       -0.424705         -0.4443     0.000766973
     984       -0.452237       -0.444308     0.000766236
     985       -0.439411       -0.444303     0.000765474
     986       -0.460635       -0.444319     0.000764877
     987       -0.469818       -0.444345     0.000764539
     988       -0.468269       -0.444369     0.000764148
     989        -0.42788       -0.444353     0.000763558
     990       -0.435546       -0.444344     0.000762838
     991        -0.46896       -0.444369     0.000762473
     992       -0.416943       -0.444341     0.000762205
     993       -0.418551       -0.444315      0.00076188
     994       -0.429667         -0.4443     0.000761256
     995        -0.39812       -0.444254     0.000761904
     996       -0.448677       -0.444259     0.000761152
     997       -0.505239        -0.44432      0.00076284
     998       -0.431165       -0.444306      0.00076219
     999       -0.432755       -0.444295     0.000761515
