#		 BLOCK:	 ACTUAL_T:		 T_AVE:			 ERROR:
           1    0.926359    0.926359           0
           2    0.995196    0.960777   0.0243378
           3     1.06849    0.996682   0.0335064
           4     1.09846     1.02213    0.033423
           5     1.13633     1.04497   0.0336497
           6     1.15322     1.06301   0.0325208
           7     1.13558     1.07338   0.0294811
           8     1.15149     1.08314    0.027365
           9     1.15141     1.09073   0.0253541
          10     1.12669     1.09432   0.0230723
          11     1.16634     1.10087    0.021884
          12     1.20227     1.10932   0.0216302
          13     1.17804     1.11461   0.0206022
          14     1.15317     1.11736   0.0193139
          15     1.12603     1.11794   0.0180349
          16     1.12706     1.11851   0.0169168
          17     1.13917     1.11972   0.0159652
          18     1.17548     1.12282   0.0153759
          19      1.1795      1.1258   0.0148532
          20      1.1631     1.12767   0.0142271
          21     1.14746     1.12861   0.0135808
          22     1.19123     1.13146   0.0132584
          23     1.21547     1.13511   0.0131755
          24     1.19924     1.13778   0.0128946
          25     1.21744     1.14097   0.0127664
          26     1.15674     1.14158   0.0122898
          27     1.16037     1.14227   0.0118543
          28     1.17812     1.14355   0.0114999
          29     1.17551     1.14465    0.011156
          30     1.17608      1.1457   0.0108332
          31     1.14944     1.14582   0.0104845
          32     1.16993     1.14658   0.0101838
          33     1.16914     1.14726  0.00989817
          34     1.15899      1.1476  0.00961306
          35     1.19262     1.14889  0.00942405
          36     1.16453     1.14933  0.00917228
          37     1.18282     1.15023  0.00896893
          38     1.15302      1.1503  0.00873321
          39     1.15165     1.15034  0.00850935
          40     1.12099      1.1496  0.00832819
          41     1.13757     1.14931  0.00813024
          42     1.16086     1.14959  0.00794131
          43     1.17239     1.15012  0.00777432
          44     1.16263      1.1504  0.00760283
          45     1.16294     1.15068  0.00743898
          46     1.14998     1.15066  0.00727727
          47     1.15223      1.1507  0.00712252
          48     1.17402     1.15118  0.00699069
          49      1.2203     1.15259  0.00698889
          50     1.17743     1.15309  0.00686673
          51     1.17353     1.15349  0.00674378
          52     1.17218     1.15385  0.00662366
          53     1.17406     1.15423  0.00650965
          54     1.13142     1.15381  0.00640279
          55     1.11432     1.15309   0.0063265
          56     1.13238     1.15272  0.00622433
          57     1.15665     1.15279  0.00611551
          58     1.16876     1.15307  0.00601627
          59     1.21571     1.15413  0.00600726
          60     1.15582     1.15416   0.0059072
          61      1.1509      1.1541   0.0058106
          62     1.15397      1.1541  0.00571688
          63     1.14999     1.15404  0.00562651
          64      1.1676     1.15425  0.00554259
          65     1.19766     1.15491  0.00549741
          66     1.19047     1.15545  0.00544044
          67     1.17644     1.15577  0.00536826
          68     1.13682     1.15549  0.00529653
          69     1.15052     1.15542  0.00522026
          70     1.15792     1.15545  0.00514581
          71     1.16857     1.15564  0.00507665
          72     1.20891     1.15638  0.00505977
          73     1.14949     1.15628  0.00499134
          74     1.17154     1.15649  0.00492815
          75     1.14125     1.15629  0.00486662
          76     1.14096     1.15608  0.00480677
          77      1.1797     1.15639  0.00475411
          78     1.15773     1.15641  0.00469319
          79     1.12156     1.15597  0.00465447
          80     1.11354     1.15544   0.0046264
          81     1.15946     1.15549  0.00456955
          82     1.12051     1.15506  0.00453369
          83     1.12188     1.15466  0.00449666
          84     1.12754     1.15434   0.0044547
          85     1.16537     1.15447  0.00440418
          86     1.18128     1.15478  0.00436399
          87     1.16521      1.1549  0.00431548
          88     1.14525     1.15479  0.00426783
          89      1.1476     1.15471  0.00422064
          90     1.13364     1.15447  0.00418023
          91      1.1505     1.15443  0.00413452
          92     1.17001      1.1546  0.00409305
          93     1.17986     1.15487  0.00405804
          94     1.17826     1.15512   0.0040225
          95     1.19915     1.15558  0.00400676
          96     1.22301     1.15629  0.00402611
          97     1.21583      1.1569  0.00403113
          98     1.20407     1.15738  0.00401862
          99     1.20379     1.15785  0.00400528
         100     1.18416     1.15811  0.00397386
         101     1.15748     1.15811  0.00393452
         102     1.13371     1.15787  0.00390321
         103      1.1671     1.15796  0.00386635
         104     1.16256       1.158  0.00382942
         105     1.13216     1.15776  0.00380085
         106     1.13311     1.15752   0.0037721
         107      1.1373     1.15733  0.00374158
         108     1.16031     1.15736  0.00370704
         109     1.16458     1.15743  0.00367362
         110     1.14493     1.15731  0.00364198
         111     1.12134     1.15699  0.00362356
         112     1.14006     1.15684  0.00359436
         113     1.13785     1.15667  0.00356648
         114     1.12442     1.15639   0.0035464
         115     1.14496     1.15629  0.00351695
         116      1.1704     1.15641  0.00348873
         117     1.16796     1.15651  0.00346031
         118      1.1462     1.15642  0.00343209
         119     1.14865     1.15636  0.00340387
         120     1.14596     1.15627  0.00337661
         121     1.15972      1.1563  0.00334882
         122     1.17459     1.15645  0.00332473
         123     1.17942     1.15663  0.00330294
         124     1.18661     1.15688  0.00328513
         125     1.20072     1.15723  0.00327752
         126     1.21681      1.1577  0.00328545
         127     1.19763     1.15801  0.00327459
         128     1.17919     1.15818  0.00325319
         129     1.18366     1.15838  0.00323396
         130     1.22629      1.1589    0.003251
         131     1.21396     1.15932  0.00325323
         132     1.22944     1.15985  0.00327167
         133     1.20304     1.16018  0.00326315
         134     1.20089     1.16048  0.00325292
         135     1.18437     1.16066  0.00323363
         136     1.17413     1.16076  0.00321138
         137     1.19518     1.16101  0.00319775
         138     1.18756      1.1612  0.00318036
         139     1.18292     1.16136  0.00316132
         140     1.18472     1.16152  0.00314314
         141     1.16402     1.16154   0.0031209
         142     1.16121     1.16154  0.00309892
         143     1.19357     1.16176  0.00308533
         144     1.18923     1.16195   0.0030698
         145     1.21245      1.1623  0.00306832
         146     1.20404     1.16259  0.00306059
         147      1.1718     1.16265  0.00304041
         148     1.17207     1.16271  0.00302053
         149      1.1681     1.16275  0.00300048
         150     1.16398     1.16276  0.00298049
         151     1.19544     1.16297   0.0029686
         152     1.20513     1.16325  0.00296199
         153     1.17627     1.16334  0.00294386
         154     1.16847     1.16337  0.00292493
         155     1.14806     1.16327  0.00290773
         156      1.1776     1.16336  0.00289054
         157     1.16198     1.16335  0.00287214
         158      1.1573     1.16332  0.00285422
         159     1.15539     1.16327   0.0028367
         160     1.14611     1.16316    0.002821
         161      1.1527     1.16309  0.00280423
         162     1.12871     1.16288  0.00279493
         163     1.14358     1.16276  0.00278029
         164      1.1734     1.16283   0.0027641
         165     1.18766     1.16298  0.00275144
         166     1.19844     1.16319  0.00274315
         167     1.14296     1.16307   0.0027294
         168     1.14065     1.16294  0.00271641
         169     1.14785     1.16285   0.0027018
         170     1.13803      1.1627  0.00268985
         171     1.12359     1.16247  0.00268383
         172     1.13773     1.16233  0.00267208
         173     1.14064      1.1622  0.00265957
         174     1.15779     1.16218  0.00264441
         175     1.17126     1.16223   0.0026298
         176     1.16449     1.16224  0.00261489
         177     1.17064     1.16229  0.00260055
         178     1.16278     1.16229  0.00258594
         179     1.17111     1.16234  0.00257196
         180     1.20752     1.16259  0.00256989
         181     1.18638     1.16273  0.00255905
         182     1.16383     1.16273    0.002545
         183     1.17898     1.16282  0.00253264
         184     1.20083     1.16303  0.00252729
         185     1.20993     1.16328  0.00252631
         186     1.22071     1.16359  0.00253152
         187     1.18446      1.1637  0.00252045
         188     1.15651     1.16366  0.00250733
         189      1.1943     1.16382   0.0024993
         190     1.21983     1.16412  0.00250347
         191     1.22594     1.16444  0.00251119
         192     1.20287     1.16464  0.00250608
         193     1.14979     1.16457  0.00249427
         194      1.1847     1.16467  0.00248358
         195     1.15849     1.16464  0.00247104
         196     1.14327     1.16453  0.00246084
         197     1.15799      1.1645  0.00244857
         198     1.16995     1.16452  0.00243636
         199     1.17933      1.1646  0.00242525
         200     1.15443     1.16455  0.00241366
         201     1.12764     1.16436  0.00240862
         202     1.13942     1.16424  0.00239986
         203     1.12263     1.16404  0.00239678
         204     1.14263     1.16393  0.00238733
         205     1.13909     1.16381  0.00237875
         206       1.151     1.16375  0.00236802
         207     1.15275     1.16369  0.00235718
         208     1.13499     1.16356  0.00234988
         209     1.13683     1.16343  0.00234211
         210     1.14354     1.16333  0.00233287
         211     1.14746     1.16326  0.00232303
         212     1.15503     1.16322   0.0023124
         213     1.15079     1.16316  0.00230228
         214     1.16194     1.16315  0.00229152
         215     1.14878     1.16309  0.00228184
         216     1.15094     1.16303  0.00227197
         217     1.14481     1.16295  0.00226305
         218     1.16591     1.16296  0.00225271
         219     1.17726     1.16303  0.00224337
         220     1.16311     1.16303  0.00223317
         221     1.14094     1.16293   0.0022253
         222     1.12296     1.16275  0.00222255
         223     1.14031     1.16265  0.00221486
         224      1.1468     1.16258   0.0022061
         225     1.15201     1.16253   0.0021968
         226     1.14477     1.16245  0.00218848
         227     1.13404     1.16233  0.00218242
         228     1.17567     1.16238  0.00217363
         229     1.17887     1.16246  0.00216533
         230     1.17743     1.16252   0.0021569
         231     1.20724     1.16271  0.00215623
         232     1.18527     1.16281  0.00214912
         233       1.189     1.16292  0.00214284
         234     1.18843     1.16303  0.00213645
         235     1.19359     1.16316  0.00213131
         236     1.18438     1.16325  0.00212418
         237     1.16108     1.16324  0.00211524
         238     1.18619     1.16334  0.00210854
         239     1.20712     1.16352  0.00210766
         240     1.19616     1.16366  0.00210327
         241      1.1735      1.1637  0.00209493
         242     1.17195     1.16373  0.00208656
         243     1.13068      1.1636   0.0020824
         244     1.19441     1.16372  0.00207769
         245     1.16083     1.16371  0.00206924
         246     1.14802     1.16365  0.00206181
         247     1.14599     1.16358   0.0020547
         248     1.16326     1.16358  0.00204642
         249     1.13162     1.16345  0.00204222
         250     1.14878     1.16339   0.0020349
         251     1.16321     1.16339  0.00202679
         252     1.14657     1.16332  0.00201984
         253     1.18203      1.1634  0.00201321
         254     1.20955     1.16358  0.00201347
         255     1.20784     1.16375  0.00201304
         256     1.17898     1.16381  0.00200606
         257     1.14608     1.16374  0.00199944
         258     1.12337     1.16358   0.0019978
         259      1.1309     1.16346  0.00199407
         260     1.16135     1.16345  0.00198642
         261     1.15213     1.16341  0.00197928
         262      1.1436     1.16333  0.00197317
         263     1.14222     1.16325   0.0019673
         264     1.16525     1.16326  0.00195986
         265     1.20303     1.16341  0.00195821
         266     1.18318     1.16348  0.00195225
         267     1.17218     1.16352  0.00194521
         268      1.1429     1.16344  0.00193948
         269     1.13273     1.16332  0.00193562
         270     1.14356     1.16325  0.00192984
         271     1.16205     1.16325  0.00192272
         272     1.16091     1.16324  0.00191567
         273     1.14933     1.16319  0.00190933
         274     1.12944     1.16306  0.00190633
         275     1.11652      1.1629   0.0019069
         276     1.12483     1.16276  0.00190497
         277     1.13264     1.16265  0.00190119
         278     1.15503     1.16262  0.00189455
         279     1.15518     1.16259  0.00188795
         280     1.17799     1.16265  0.00188201
         281     1.17136     1.16268  0.00187556
         282     1.15057     1.16264   0.0018694
         283     1.17094     1.16267  0.00186303
         284     1.17369     1.16271  0.00185687
         285     1.17834     1.16276  0.00185117
         286     1.17911     1.16282  0.00184558
         287     1.14983     1.16277   0.0018397
         288     1.18995     1.16287  0.00183573
         289     1.18505     1.16294  0.00183099
         290      1.1593     1.16293  0.00182471
         291     1.16447     1.16294  0.00181845
         292     1.17051     1.16296  0.00181241
         293     1.15893     1.16295  0.00180628
         294     1.17699       1.163  0.00180076
         295     1.17157     1.16303  0.00179489
         296     1.18251     1.16309  0.00179004
         297       1.192     1.16319  0.00178665
         298     1.19159     1.16328   0.0017832
         299     1.21511     1.16346  0.00178564
         300     1.18972     1.16354  0.00178183
         301      1.1677     1.16356  0.00177596
         302       1.191     1.16365  0.00177241
         303      1.2281     1.16386  0.00177928
         304     1.24306     1.16412   0.0017924
         305     1.20234     1.16425   0.0017909
         306     1.19193     1.16434  0.00178733
         307     1.17183     1.16436  0.00178167
         308     1.18331     1.16442  0.00177695
         309     1.17089     1.16445  0.00177132
         310     1.14856     1.16439  0.00176635
         311     1.16519      1.1644  0.00176067
         312     1.18152     1.16445  0.00175588
         313     1.20496     1.16458  0.00175504
         314       1.199     1.16469  0.00175287
         315     1.17068     1.16471  0.00174741
         316     1.20893     1.16485  0.00174747
         317     1.18537     1.16491  0.00174316
         318     1.16641     1.16492  0.00173768
         319     1.14667     1.16486  0.00173318
         320     1.17958     1.16491  0.00172837
         321     1.20628     1.16504  0.00172778
         322     1.17112     1.16506  0.00172252
         323     1.15383     1.16502  0.00171754
         324     1.14822     1.16497  0.00171302
         325     1.15664     1.16494  0.00170794
         326     1.16472     1.16494   0.0017027
         327     1.16535     1.16494   0.0016975
         328     1.14187     1.16487  0.00169378
         329     1.18962     1.16495   0.0016903
         330     1.19364     1.16504  0.00168741
         331     1.18672      1.1651  0.00168358
         332      1.1724     1.16512  0.00167866
         333     1.17186     1.16514  0.00167374
         334     1.17137     1.16516  0.00166883
         335      1.1709     1.16518  0.00166394
         336     1.18072     1.16523  0.00165963
         337     1.13818     1.16515  0.00165664
         338     1.14643     1.16509  0.00165267
         339     1.17076     1.16511  0.00164787
         340     1.16841     1.16512  0.00164306
         341     1.20383     1.16523  0.00164216
         342     1.19352     1.16531  0.00163944
         343     1.20697     1.16543  0.00163915
         344     1.20943     1.16556  0.00163937
         345     1.15718     1.16554   0.0016348
         346     1.14832     1.16549  0.00163083
         347     1.16498     1.16549  0.00162613
         348     1.18711     1.16555  0.00162264
         349     1.22535     1.16572  0.00162702
         350     1.18268     1.16577  0.00162309
         351     1.15163     1.16573  0.00161896
         352     1.16085     1.16571  0.00161442
         353     1.14127     1.16564  0.00161134
         354     1.14576     1.16559  0.00160776
         355     1.16169     1.16558  0.00160327
         356      1.1548     1.16555  0.00159905
         357     1.20518     1.16566  0.00159842
         358     1.22252     1.16582  0.00160183
         359     1.17709     1.16585  0.00159767
         360     1.15169     1.16581  0.00159372
         361     1.14714     1.16576  0.00159015
         362      1.1556     1.16573    0.001586
         363      1.1817     1.16577  0.00158224
         364      1.2116      1.1659   0.0015829
         365     1.19734     1.16599   0.0015809
         366     1.19866     1.16607   0.0015791
         367      1.1702     1.16609  0.00157484
         368      1.1917     1.16616   0.0015721
         369     1.19836     1.16624  0.00157026
         370     1.20999     1.16636  0.00157046
         371     1.18324     1.16641  0.00156688
         372     1.18645     1.16646   0.0015636
         373      1.2133     1.16659  0.00156444
         374     1.20532     1.16669  0.00156368
         375       1.202     1.16678  0.00156234
         376      1.1923     1.16685  0.00155966
         377     1.19924     1.16694  0.00155789
         378     1.18053     1.16697  0.00155418
         379     1.15297     1.16694  0.00155052
         380     1.14288     1.16687  0.00154773
         381     1.14458     1.16681  0.00154478
         382     1.18682     1.16687  0.00154162
         383     1.15465     1.16684  0.00153792
         384     1.14272     1.16677   0.0015352
         385     1.13376     1.16669  0.00153361
         386     1.12649     1.16658  0.00153316
         387     1.11287     1.16644  0.00153547
         388      1.1363     1.16637  0.00153348
         389     1.15712     1.16634  0.00152972
         390     1.15098      1.1663  0.00152631
         391      1.1585     1.16628  0.00152253
         392     1.13764     1.16621   0.0015204
         393     1.12931     1.16612  0.00151943
         394     1.15977      1.1661  0.00151566
         395     1.18197     1.16614  0.00151235
         396     1.15356     1.16611  0.00150887
         397     1.14109     1.16605  0.00150638
         398      1.1524     1.16601  0.00150299
         399     1.16808     1.16602  0.00149923
         400      1.1615       1.166  0.00149552
         401     1.17177     1.16602  0.00149186
         402     1.17286     1.16604  0.00148825
         403     1.19355      1.1661  0.00148612
         404     1.18403     1.16615  0.00148311
         405     1.17765     1.16618  0.00147972
         406     1.16141     1.16617  0.00147612
         407      1.1473     1.16612  0.00147322
         408     1.16491     1.16612  0.00146961
         409     1.14742     1.16607  0.00146673
         410     1.16272     1.16606  0.00146317
         411     1.17514     1.16608  0.00145978
         412     1.15636     1.16606  0.00145643
         413     1.14169       1.166   0.0014541
         414     1.15126     1.16597  0.00145102
         415     1.17408     1.16599  0.00144766
         416     1.13747     1.16592   0.0014458
         417      1.1411     1.16586  0.00144356
         418     1.16241     1.16585  0.00144013
         419     1.17894     1.16588  0.00143703
         420     1.15815     1.16586  0.00143372
         421     1.12548     1.16577  0.00143352
         422     1.15218     1.16573  0.00143049
         423     1.17341     1.16575  0.00142722
         424     1.17424     1.16577    0.001424
         425     1.17521     1.16579  0.00142082
         426     1.17729     1.16582  0.00141774
         427     1.18246     1.16586  0.00141495
         428     1.15964     1.16585  0.00141172
         429     1.15147     1.16581  0.00140883
         430      1.1518     1.16578  0.00140593
         431     1.18607     1.16583  0.00140346
         432     1.18514     1.16587  0.00140092
         433     1.18356     1.16591  0.00139828
         434     1.18057     1.16595  0.00139547
         435     1.16292     1.16594  0.00139227
         436     1.15544     1.16592  0.00138929
         437     1.16029      1.1659  0.00138617
         438     1.14983     1.16587  0.00138349
         439     1.16435     1.16586  0.00138034
         440     1.16604     1.16586  0.00137721
         441     1.16617     1.16586  0.00137408
         442     1.15023     1.16583  0.00137143
         443     1.17017     1.16584  0.00136837
         444     1.16914     1.16585  0.00136531
         445     1.18852      1.1659  0.00136319
         446     1.18788     1.16595  0.00136102
         447      1.1652     1.16594  0.00135798
         448     1.15486     1.16592  0.00135518
         449     1.19738     1.16599  0.00135397
         450     1.19084     1.16604  0.00135208
         451     1.16078     1.16603  0.00134914
         452     1.17196     1.16605  0.00134621
         453     1.19623     1.16611  0.00134489
         454     1.19627     1.16618  0.00134357
         455     1.17138     1.16619  0.00134066
         456     1.14422     1.16614  0.00133859
         457     1.14981     1.16611  0.00133614
         458     1.18869     1.16616  0.00133413
         459     1.18181     1.16619  0.00133166
         460     1.12106     1.16609  0.00133237
         461       1.117     1.16599  0.00133373
         462     1.13938     1.16593  0.00133209
         463     1.13266     1.16586  0.00133114
         464     1.15652     1.16584  0.00132843
         465     1.18947     1.16589  0.00132654
         466     1.20877     1.16598  0.00132688
         467     1.22499      1.1661  0.00133005
         468     1.19329     1.16616  0.00132847
         469     1.15795     1.16615  0.00132576
         470     1.19477     1.16621  0.00132433
         471     1.18519     1.16625  0.00132213
         472     1.18659     1.16629  0.00132004
         473     1.15852     1.16627  0.00131735
         474     1.15848     1.16626  0.00131467
         475     1.14705     1.16622  0.00131252
         476     1.17091     1.16623   0.0013098
         477     1.16487     1.16622  0.00130706
         478     1.15507      1.1662  0.00130454
         479     1.17352     1.16622   0.0013019
         480     1.16162     1.16621  0.00129922
         481     1.18692     1.16625  0.00129724
         482     1.18968      1.1663  0.00129546
         483     1.17642     1.16632  0.00129294
         484     1.17227     1.16633  0.00129033
         485      1.1963     1.16639  0.00128915
         486     1.19645     1.16645  0.00128798
         487      1.1802     1.16648  0.00128564
         488     1.15871     1.16647  0.00128311
         489     1.16636     1.16647  0.00128048
         490      1.1993     1.16653  0.00127962
         491     1.22973     1.16666  0.00128347
         492     1.21455     1.16676  0.00128455
         493      1.1742     1.16677  0.00128203
         494     1.19067     1.16682  0.00128035
         495     1.22332     1.16694  0.00128284
         496     1.23786     1.16708   0.0012882
         497     1.20174     1.16715  0.00128749
         498     1.19817     1.16721  0.00128641
         499     1.19527     1.16727  0.00128506
         500       1.184      1.1673  0.00128293
         501      1.1862     1.16734  0.00128092
         502     1.12991     1.16726  0.00128054
         503     1.14623     1.16722  0.00127868
         504     1.16568     1.16722  0.00127614
         505     1.18947     1.16726  0.00127438
         506     1.16424     1.16726  0.00127187
         507     1.13677      1.1672  0.00127078
         508     1.16655      1.1672  0.00126828
         509     1.15457     1.16717  0.00126603
         510     1.15508     1.16715  0.00126377
         511     1.20476     1.16722  0.00126344
         512     1.21722     1.16732  0.00126474
         513     1.19245     1.16737  0.00126323
         514     1.16475     1.16736  0.00126078
         515     1.20752     1.16744  0.00126074
         516     1.18655     1.16748  0.00125884
         517     1.15479     1.16745  0.00125664
         518     1.15867     1.16744  0.00125433
         519     1.17088     1.16744  0.00125193
         520     1.14723      1.1674  0.00125013
         521     1.14815     1.16737  0.00124828
         522     1.15956     1.16735  0.00124597
         523     1.17526     1.16737  0.00124368
         524     1.19332     1.16742   0.0012423
         525     1.19688     1.16747   0.0012412
         526     1.19688     1.16753   0.0012401
         527     1.18473     1.16756  0.00123817
         528     1.16975     1.16757  0.00123583
         529     1.15442     1.16754  0.00123375
         530     1.19699      1.1676  0.00123267
         531     1.21259     1.16768  0.00123326
         532     1.18648     1.16772  0.00123144
         533     1.19337     1.16777  0.00123007
         534      1.1857      1.1678  0.00122823
         535     1.17799     1.16782  0.00122608
         536      1.1671     1.16782  0.00122379
         537     1.14394     1.16777  0.00122232
         538     1.17681     1.16779  0.00122017
         539       1.215     1.16788  0.00122104
         540     1.21208     1.16796  0.00122152
         541     1.20357     1.16802  0.00122104
         542     1.21862     1.16812  0.00122235
         543     1.19948     1.16818  0.00122146
         544     1.20701     1.16825   0.0012213
         545     1.23173     1.16836   0.0012246
         546     1.25438     1.16852  0.00123245
         547     1.22165     1.16862  0.00123402
         548     1.20681     1.16869  0.00123373
         549     1.19379     1.16873  0.00123233
         550     1.15246      1.1687  0.00123045
         551     1.19181     1.16875  0.00122893
         552     1.19882      1.1688  0.00122791
         553     1.20642     1.16887  0.00122757
         554     1.16933     1.16887  0.00122536
         555     1.16076     1.16885  0.00122324
         556     1.18689     1.16889  0.00122147
         557     1.20542     1.16895  0.00122103
         558     1.21846     1.16904  0.00122206
         559     1.19836     1.16909    0.001221
         560     1.18019     1.16911  0.00121898
         561     1.18885     1.16915  0.00121732
         562      1.1883     1.16918  0.00121563
         563     1.17932      1.1692   0.0012136
         564      1.2053     1.16926  0.00121314
         565     1.18766      1.1693  0.00121143
         566     1.16411     1.16929  0.00120932
         567     1.17299     1.16929  0.00120721
         568     1.18649     1.16932  0.00120546
         569     1.18352     1.16935   0.0012036
         570       1.196      1.1694   0.0012024
         571     1.21872     1.16948  0.00120339
         572      1.2045     1.16954  0.00120284
         573     1.21692     1.16963  0.00120358
         574     1.18921     1.16966  0.00120197
         575     1.19964     1.16971  0.00120101
         576     1.21356     1.16979  0.00120133
         577     1.19187     1.16983  0.00119986
         578     1.16443     1.16982  0.00119782
         579     1.16695     1.16981  0.00119576
         580      1.1609      1.1698   0.0011938
         581     1.15951     1.16978  0.00119188
         582     1.14477     1.16974   0.0011906
         583     1.13697     1.16968  0.00118989
         584     1.18257      1.1697  0.00118805
         585     1.16324     1.16969  0.00118607
         586     1.14584     1.16965  0.00118475
         587     1.16077     1.16964  0.00118283
         588     1.15747     1.16962  0.00118099
         589     1.18406     1.16964  0.00117924
         590     1.19238     1.16968  0.00117788
         591      1.2059     1.16974  0.00117748
         592     1.19087     1.16978  0.00117603
         593     1.15116     1.16974  0.00117446
         594     1.14209      1.1697  0.00117341
         595     1.14151     1.16965  0.00117239
         596     1.15536     1.16963  0.00117067
         597     1.18195     1.16965  0.00116889
         598     1.19153     1.16968  0.00116751
         599     1.17285     1.16969  0.00116557
         600     1.13893     1.16964  0.00116476
