#		 BLOCK:	 ACTUAL_T:		 T_AVE:			 ERROR:
           1    0.946543    0.946543           0
           2     1.01652    0.981531   0.0247402
           3     1.08926     1.01744   0.0336414
           4       1.119     1.04283   0.0334669
           5     1.15922     1.06611    0.033916
           6     1.17381     1.08406     0.03267
           7     1.16659     1.09585   0.0300553
           8     1.16175     1.10409   0.0274042
           9     1.15229     1.10944   0.0248771
          10     1.13503       1.112   0.0225207
          11     1.15789     1.11617   0.0208561
          12     1.15565     1.11946   0.0193758
          13     1.18785     1.12472   0.0185859
          14     1.18128     1.12876   0.0176918
          15     1.24689     1.13664   0.0181809
          16     1.22102     1.14191   0.0177931
          17     1.18704     1.14457   0.0169433
          18     1.17836     1.14644   0.0161056
          19     1.18255     1.14834   0.0153697
          20     1.19774     1.15081   0.0147983
          21     1.22165     1.15419    0.014473
          22     1.21441     1.15693   0.0140716
          23      1.2233     1.15981   0.0137526
          24     1.21904     1.16228   0.0133991
          25     1.22519      1.1648   0.0130973
          26     1.22192     1.16699   0.0127766
          27     1.23175     1.16939   0.0125264
          28     1.19936     1.17046   0.0121247
          29     1.20935      1.1718   0.0117805
          30     1.23574     1.17393   0.0115791
          31     1.22954     1.17573   0.0113436
          32     1.17126     1.17559     0.01099
          33     1.16537     1.17528   0.0106613
          34      1.1821     1.17548   0.0103497
          35     1.18397     1.17572   0.0100568
          36     1.16531     1.17543   0.0097816
          37     1.15974     1.17501  0.00952642
          38     1.15697     1.17453  0.00928755
          39        1.18     1.17467  0.00905046
          40     1.18706     1.17498   0.0088295
          41     1.20213     1.17565  0.00863894
          42     1.21411     1.17656  0.00848164
          43     1.21237     1.17739  0.00832518
          44     1.21157     1.17817  0.00817214
          45     1.18802     1.17839  0.00799347
          46     1.19414     1.17873  0.00782703
          47     1.20475     1.17929  0.00768004
          48     1.18627     1.17943  0.00752142
          49     1.21469     1.18015  0.00740227
          50     1.19485     1.18045  0.00726006
          51     1.18926     1.18062  0.00711976
          52     1.17569     1.18052  0.00698348
          53     1.19047     1.18071  0.00685423
          54     1.19224     1.18092  0.00673063
          55     1.20936     1.18144  0.00662808
          56     1.19958     1.18177  0.00651763
          57     1.19948     1.18208   0.0064107
          58     1.18532     1.18213  0.00630041
          59      1.1992     1.18242  0.00620026
          60     1.22932      1.1832    0.006146
          61     1.20237     1.18352  0.00605327
          62     1.20752      1.1839    0.005968
          63     1.19621      1.1841  0.00587646
          64     1.20032     1.18435  0.00579011
          65     1.16844     1.18411  0.00570621
          66     1.18079     1.18406  0.00561997
          67     1.16902     1.18383  0.00554057
          68     1.19315     1.18397  0.00546079
          69     1.18473     1.18398  0.00538166
          70     1.19792     1.18418  0.00530846
          71     1.19328     1.18431  0.00523524
          72      1.1788     1.18423  0.00516308
          73     1.17609     1.18412  0.00509356
          74     1.17246     1.18396  0.00502716
          75     1.15655      1.1836  0.00497341
          76     1.13979     1.18302  0.00494125
          77     1.15843      1.1827  0.00488739
          78     1.14196     1.18218  0.00485256
          79     1.17811     1.18213  0.00479141
          80      1.2167     1.18256  0.00475097
          81     1.23461      1.1832  0.00473557
          82     1.21673     1.18361  0.00469543
          83     1.23145     1.18419   0.0046741
          84     1.23681     1.18481  0.00466024
          85     1.17856     1.18474  0.00460599
          86     1.19746     1.18489  0.00455481
          87     1.18234     1.18486  0.00450255
          88     1.17443     1.18474  0.00445294
          89     1.17999     1.18469  0.00440323
          90     1.15352     1.18434   0.0043679
          91      1.1535       1.184  0.00433303
          92     1.19085     1.18408  0.00428657
          93     1.17562     1.18399  0.00424144
          94     1.14645     1.18359  0.00421507
          95     1.16759     1.18342  0.00417407
          96     1.16601     1.18324  0.00413452
          97      1.1731     1.18313  0.00409322
          98     1.17849     1.18309  0.00405173
          99     1.16397     1.18289   0.0040154
         100     1.15829     1.18265  0.00398277
         101       1.156     1.18238  0.00395207
         102     1.16202     1.18218  0.00391837
         103     1.15317      1.1819  0.00389043
         104     1.17887     1.18187  0.00385313
         105     1.21194     1.18216  0.00382706
         106     1.19134     1.18224  0.00379194
         107     1.20596     1.18247  0.00376298
         108     1.20315     1.18266    0.003733
         109     1.19422     1.18276  0.00370026
         110     1.20629     1.18298   0.0036728
         111     1.16758     1.18284  0.00364233
         112     1.15129     1.18256  0.00362069
         113     1.16133     1.18237  0.00359351
         114      1.1428     1.18202  0.00357871
         115     1.15276     1.18177  0.00355662
         116     1.15962     1.18158  0.00353108
         117     1.19304     1.18168  0.00350226
         118     1.20221     1.18185   0.0034769
         119       1.205     1.18204  0.00345312
         120     1.18632     1.18208  0.00342453
         121     1.20815     1.18229    0.003403
         122     1.19126     1.18237   0.0033759
         123     1.19649     1.18248   0.0033504
         124     1.22416     1.18282   0.0033402
         125     1.21031     1.18304  0.00332071
         126     1.21734     1.18331   0.0033055
         127     1.24469     1.18379  0.00331461
         128      1.2961     1.18467  0.00340286
         129     1.29719     1.18554  0.00348648
         130     1.25553     1.18608  0.00350099
         131      1.2592     1.18664  0.00351847
         132     1.25134     1.18713   0.0035258
         133     1.20658     1.18728  0.00350232
         134     1.20892     1.18744   0.0034799
         135     1.22528     1.18772   0.0034654
         136      1.2493     1.18817  0.00346938
         137     1.22251     1.18842  0.00345309
         138     1.21359      1.1886  0.00343288
         139     1.22212     1.18885  0.00341664
         140     1.18618     1.18883  0.00339229
         141     1.17297     1.18871   0.0033701
         142     1.19269     1.18874  0.00334648
         143     1.19096     1.18876  0.00332311
         144     1.20532     1.18887  0.00330202
         145     1.17844      1.1888  0.00328004
         146     1.17023     1.18867  0.00326004
         147     1.14124     1.18835  0.00325379
         148      1.1505      1.1881  0.00324184
         149     1.16172     1.18792  0.00322491
         150     1.18901     1.18793  0.00320342
         151     1.17144     1.18782  0.00318407
         152     1.16664     1.18768  0.00316617
         153     1.17373     1.18759  0.00314679
         154     1.18431     1.18756  0.00312642
         155     1.17045     1.18745   0.0031082
         156     1.16266      1.1873  0.00309234
         157     1.14917     1.18705  0.00308216
         158     1.14981     1.18682  0.00307165
         159     1.16411     1.18667  0.00305565
         160     1.17588     1.18661   0.0030373
         161     1.17566     1.18654   0.0030192
         162     1.17807     1.18649  0.00300101
         163     1.18719     1.18649   0.0029826
         164     1.18212     1.18646  0.00296454
         165     1.14497     1.18621  0.00295722
         166      1.1576     1.18604  0.00294442
         167     1.19237     1.18608  0.00292704
         168     1.16047     1.18593  0.00291358
         169     1.17782     1.18588  0.00289673
         170     1.19011      1.1859   0.0028798
         171     1.16178     1.18576  0.00286641
         172     1.14718     1.18554  0.00285851
         173     1.16158      1.1854  0.00284534
         174     1.18578      1.1854  0.00282899
         175     1.20721     1.18553  0.00281557
         176     1.19982     1.18561  0.00280074
         177     1.19528     1.18566  0.00278545
         178     1.17711     1.18561  0.00277021
         179     1.16356     1.18549  0.00275748
         180     1.18289     1.18548   0.0027422
         181      1.1603     1.18534  0.00273057
         182     1.17112     1.18526  0.00271669
         183     1.17688     1.18521  0.00270223
         184     1.17795     1.18517  0.00268783
         185     1.18907     1.18519  0.00267338
         186     1.20333     1.18529  0.00266079
         187     1.20398     1.18539  0.00264843
         188     1.19866     1.18546  0.00263529
         189      1.1621     1.18534  0.00262424
         190     1.20007     1.18542  0.00261157
         191     1.17634     1.18537  0.00259833
         192     1.13499     1.18511  0.00259801
         193     1.16331     1.18499    0.002587
         194     1.17823     1.18496   0.0025739
         195     1.17327      1.1849   0.0025614
         196     1.18355     1.18489  0.00254834
         197     1.18043     1.18487  0.00253551
         198     1.18816     1.18489  0.00252276
         199     1.20542     1.18499  0.00251219
         200     1.18975     1.18501  0.00249974
         201     1.21303     1.18515  0.00249119
         202     1.19102     1.18518  0.00247903
         203     1.21573     1.18533  0.00247138
         204     1.22196     1.18551  0.00246578
         205     1.21751     1.18567  0.00245868
         206     1.18364     1.18566  0.00244677
         207     1.19714     1.18571  0.00243558
         208     1.17702     1.18567  0.00242423
         209     1.16032     1.18555  0.00241566
         210     1.19187     1.18558  0.00240435
         211     1.19073      1.1856  0.00239307
         212     1.17555     1.18556  0.00238226
         213     1.19769     1.18561  0.00237175
         214     1.21222     1.18574  0.00236393
         215     1.22221     1.18591  0.00235901
         216     1.24289     1.18617  0.00236279
         217     1.22127     1.18633  0.00235744
         218     1.21007     1.18644  0.00234913
         219     1.19615     1.18649  0.00233883
         220     1.15844     1.18636  0.00233167
         221     1.15909     1.18624  0.00232438
         222     1.18063     1.18621  0.00231404
         223     1.17637     1.18617  0.00230409
         224     1.19983     1.18623  0.00229461
         225     1.20923     1.18633  0.00228669
         226     1.22035     1.18648  0.00228152
         227     1.20544     1.18656    0.002273
         228     1.19633     1.18661  0.00226343
         229     1.20241     1.18668   0.0022546
         230     1.21604      1.1868  0.00224841
         231     1.18845     1.18681  0.00223869
         232     1.20858      1.1869    0.002231
         233     1.18302     1.18689  0.00222149
         234     1.17708     1.18685  0.00221239
         235     1.15612     1.18671  0.00220684
         236     1.14521     1.18654  0.00220448
         237     1.14898     1.18638  0.00220087
         238     1.15936     1.18627  0.00219455
         239     1.17473     1.18622   0.0021859
         240     1.21012     1.18632  0.00217906
         241     1.17572     1.18627  0.00217046
         242     1.18188     1.18626  0.00216157
         243     1.17568     1.18621  0.00215311
         244     1.17191     1.18615  0.00214508
         245     1.18827     1.18616  0.00213634
         246     1.20648     1.18625  0.00212926
         247      1.1969     1.18629  0.00212107
         248     1.17992     1.18626  0.00211268
         249     1.18076     1.18624  0.00210431
         250     1.18279     1.18623  0.00209593
         251     1.17598     1.18619  0.00208798
         252     1.16317     1.18609  0.00208169
         253     1.16493     1.18601  0.00207514
         254     1.18241       1.186  0.00206702
         255     1.16512     1.18591  0.00206054
         256     1.17732     1.18588  0.00205276
         257     1.20889     1.18597  0.00204673
         258     1.21566     1.18609  0.00204202
         259     1.19692     1.18613  0.00203457
         260     1.18526     1.18612  0.00202675
         261     1.19392     1.18615   0.0020192
         262      1.1741     1.18611  0.00201202
         263     1.16572     1.18603  0.00200586
         264     1.19011     1.18605  0.00199832
         265     1.19467     1.18608  0.00199105
         266     1.17596     1.18604  0.00198392
         267     1.16409     1.18596   0.0019782
         268     1.14149     1.18579  0.00197776
         269     1.18748      1.1858  0.00197042
         270     1.18294     1.18579  0.00196315
         271     1.17549     1.18575  0.00195627
         272     1.20135     1.18581  0.00194992
         273     1.23555     1.18599  0.00195128
         274     1.23718     1.18618  0.00195308
         275     1.23088     1.18634  0.00195273
         276     1.20463     1.18641  0.00194678
         277     1.18388      1.1864  0.00193977
         278     1.19196     1.18642   0.0019329
         279     1.19961     1.18646  0.00192655
         280     1.21192     1.18655  0.00192181
         281     1.20987     1.18664  0.00191676
         282     1.21221     1.18673  0.00191211
         283     1.19311     1.18675  0.00190549
         284     1.18663     1.18675  0.00189878
         285     1.17414     1.18671  0.00189263
         286     1.17697     1.18667  0.00188632
         287     1.18176     1.18665  0.00187982
         288      1.1656     1.18658  0.00187472
         289     1.16799     1.18652  0.00186933
         290     1.15661     1.18641  0.00186573
         291      1.1715     1.18636  0.00186002
         292     1.17878     1.18634  0.00185383
         293     1.16264     1.18626  0.00184927
         294     1.17587     1.18622  0.00184332
         295     1.15472     1.18611  0.00184016
         296     1.15233       1.186  0.00183748
         297     1.16414     1.18593  0.00183277
         298     1.16079     1.18584  0.00182856
         299     1.12416     1.18564  0.00183404
         300     1.15899     1.18555  0.00183008
         301     1.16472     1.18548   0.0018253
         302     1.13896     1.18532  0.00182575
         303     1.13247     1.18515  0.00182803
         304     1.13756     1.18499  0.00182871
         305      1.1558      1.1849  0.00182522
         306     1.16472     1.18483  0.00182045
         307     1.14574      1.1847  0.00181896
         308     1.16626     1.18464  0.00181404
         309       1.194     1.18467  0.00180842
         310     1.17917     1.18466  0.00180268
         311     1.17749     1.18463  0.00179703
         312     1.18277     1.18463  0.00179128
         313     1.17636      1.1846  0.00178575
         314     1.17579     1.18457  0.00178028
         315     1.18792     1.18458  0.00177466
         316     1.16265     1.18451   0.0017704
         317     1.18656     1.18452  0.00176483
         318     1.16961     1.18447   0.0017599
         319     1.14753     1.18436  0.00175819
         320     1.15595     1.18427  0.00175494
         321      1.1556     1.18418  0.00175174
         322     1.17014     1.18414  0.00174684
         323     1.17578     1.18411  0.00174163
         324     1.19493     1.18414  0.00173657
         325     1.21327     1.18423  0.00173354
         326     1.23081     1.18438   0.0017341
         327     1.23334     1.18453  0.00173525
         328     1.23302     1.18467  0.00173624
         329     1.19721     1.18471  0.00173138
         330     1.21892     1.18482  0.00172924
         331     1.23267     1.18496  0.00173005
         332     1.26019     1.18519  0.00173961
         333     1.25727      1.1854   0.0017478
         334     1.25183      1.1856  0.00175385
         335     1.22875     1.18573  0.00175334
         336     1.19154     1.18575   0.0017482
         337     1.17374     1.18571  0.00174338
         338     1.19696     1.18575  0.00173854
         339     1.20383      1.1858  0.00173423
         340     1.19017     1.18581  0.00172917
         341     1.20588     1.18587   0.0017251
         342     1.17585     1.18584  0.00172031
         343     1.16854     1.18579  0.00171603
         344     1.19387     1.18581  0.00171121
         345     1.18955     1.18583  0.00170628
         346     1.19583     1.18585  0.00170159
         347     1.18413     1.18585   0.0016967
         348     1.20526     1.18591  0.00169274
         349      1.2039     1.18596  0.00168867
         350     1.20104       1.186   0.0016844
         351     1.20524     1.18605  0.00168049
         352     1.17128     1.18601  0.00167624
         353     1.19387     1.18603  0.00167164
         354     1.17168     1.18599  0.00166741
         355     1.16172     1.18593  0.00166411
         356     1.14554     1.18581   0.0016633
         357     1.17598     1.18579  0.00165887
         358     1.18349     1.18578  0.00165425
         359      1.1913     1.18579  0.00164971
         360     1.15848     1.18572  0.00164687
         361     1.17577     1.18569  0.00164254
         362     1.17502     1.18566  0.00163827
         363     1.13825     1.18553  0.00163895
         364      1.1526     1.18544  0.00163695
         365      1.1618     1.18538  0.00163374
         366     1.16177     1.18531  0.00163055
         367     1.16554     1.18526    0.001627
         368     1.17234     1.18522  0.00162295
         369      1.1902     1.18524  0.00161861
         370     1.16082     1.18517  0.00161558
         371     1.19192     1.18519  0.00161133
         372     1.21529     1.18527  0.00160903
         373      1.1884     1.18528  0.00160474
         374     1.21738     1.18536  0.00160274
         375     1.18484     1.18536  0.00159847
         376     1.18704     1.18537  0.00159422
         377     1.18035     1.18535  0.00159005
         378     1.18796     1.18536  0.00158586
         379     1.20011      1.1854  0.00158215
         380     1.22497      1.1855  0.00158141
         381     1.19471     1.18553  0.00157745
         382     1.18353     1.18552  0.00157333
         383     1.19586     1.18555  0.00156945
         384     1.19475     1.18557  0.00156554
         385     1.18611     1.18557  0.00156148
         386     1.17161     1.18554  0.00155785
         387     1.19128     1.18555   0.0015539
         388     1.18279     1.18555  0.00154991
         389     1.19514     1.18557  0.00154612
         390     1.18458     1.18557  0.00154216
         391     1.17046     1.18553   0.0015387
         392     1.16374     1.18547  0.00153578
         393     1.16522     1.18542  0.00153273
         394     1.17183     1.18539  0.00152923
         395     1.18273     1.18538  0.00152537
         396     1.16635     1.18533  0.00152228
         397     1.18268     1.18533  0.00151846
         398     1.17144     1.18529  0.00151505
         399     1.16001     1.18523  0.00151257
         400     1.15073     1.18514  0.00151125
         401     1.14233     1.18503  0.00151125
         402     1.14314     1.18493  0.00151108
         403     1.17127      1.1849  0.00150771
         404     1.16586     1.18485  0.00150471
         405     1.14047     1.18474  0.00150498
         406     1.16195     1.18468  0.00150232
         407     1.15209      1.1846  0.00150076
         408      1.1412      1.1845  0.00150085
         409     1.15721     1.18443  0.00149866
         410     1.20473     1.18448  0.00149582
         411     1.17432     1.18445  0.00149239
         412     1.15617     1.18439  0.00149034
         413     1.13103     1.18426  0.00149232
         414     1.14032     1.18415  0.00149249
         415     1.11706     1.18399  0.00149762
         416     1.13544     1.18387  0.00149856
         417     1.13047     1.18374  0.00150043
         418     1.13057     1.18362  0.00150222
         419     1.17813      1.1836  0.00149869
         420     1.18573     1.18361  0.00149513
         421     1.17787      1.1836  0.00149164
         422     1.20278     1.18364   0.0014888
         423      1.1772     1.18363  0.00148536
         424      1.1526     1.18355  0.00148366
         425     1.20357      1.1836  0.00148091
         426     1.20622     1.18365  0.00147839
         427     1.18335     1.18365  0.00147493
         428     1.14802     1.18357  0.00147383
         429     1.11349     1.18341  0.00147942
         430     1.17344     1.18338  0.00147616
         431     1.17216     1.18336  0.00147296
         432     1.18716     1.18337  0.00146958
         433     1.19851      1.1834   0.0014666
         434     1.18688     1.18341  0.00146325
         435     1.20392     1.18346  0.00146064
         436     1.18498     1.18346   0.0014573
         437     1.23575     1.18358  0.00145886
         438     1.22361     1.18367  0.00145839
         439     1.21379     1.18374  0.00145669
         440     1.21866     1.18382  0.00145554
         441     1.21525     1.18389  0.00145398
         442     1.20694     1.18394  0.00145162
         443      1.2185     1.18402  0.00145044
         444     1.22876     1.18412  0.00145067
         445     1.20302     1.18416  0.00144803
         446      1.1803     1.18415  0.00144481
         447      1.1948     1.18418  0.00144178
         448     1.20232     1.18422  0.00143913
         449     1.19695     1.18425   0.0014362
         450     1.18565     1.18425  0.00143301
         451     1.18458     1.18425  0.00142984
         452      1.1727     1.18422   0.0014269
         453     1.17727     1.18421  0.00142383
         454     1.19167     1.18423  0.00142079
         455     1.19675     1.18425  0.00141794
         456     1.20298     1.18429  0.00141542
         457     1.18321     1.18429  0.00141233
         458     1.16569     1.18425  0.00140983
         459     1.16091      1.1842  0.00140767
         460     1.18074     1.18419  0.00140463
         461     1.15872     1.18414  0.00140267
         462      1.1685      1.1841  0.00140004
         463     1.18776     1.18411  0.00139704
         464     1.19735     1.18414  0.00139432
         465     1.20687     1.18419  0.00139218
         466      1.1908      1.1842  0.00138927
         467     1.17574     1.18419  0.00138641
         468     1.21939     1.18426  0.00138549
         469     1.23223     1.18436   0.0013863
         470     1.24906      1.1845  0.00139017
         471      1.2552     1.18465   0.0013953
         472     1.26334     1.18482  0.00140226
         473     1.20584     1.18486      0.0014
         474     1.19639     1.18489  0.00139726
         475     1.17496     1.18487  0.00139448
         476     1.15371      1.1848  0.00139308
         477     1.15592     1.18474  0.00139148
         478     1.16526      1.1847  0.00138916
         479     1.18798     1.18471  0.00138628
         480     1.20217     1.18474  0.00138387
         481     1.19643     1.18477   0.0013812
         482     1.17004     1.18474  0.00137868
         483     1.16829      1.1847  0.00137624
         484     1.17298     1.18468  0.00137361
         485      1.1939      1.1847  0.00137091
         486     1.23067     1.18479  0.00137135
         487      1.2088     1.18484  0.00136942
         488     1.16134     1.18479  0.00136746
         489     1.15885     1.18474  0.00136569
         490     1.18867     1.18475  0.00136293
         491     1.19085     1.18476  0.00136021
         492     1.20519      1.1848  0.00135808
         493     1.18548      1.1848  0.00135533
         494     1.18242      1.1848  0.00135259
         495     1.18287     1.18479  0.00134986
         496     1.21555     1.18486  0.00134857
         497     1.23251     1.18495  0.00134926
         498     1.21288     1.18501  0.00134771
         499     1.19766     1.18503  0.00134525
         500     1.20526     1.18507  0.00134317
         501     1.21269     1.18513  0.00134162
         502     1.21535     1.18519   0.0013403
         503      1.1939     1.18521  0.00133774
         504      1.1858     1.18521  0.00133509
         505     1.20494     1.18525  0.00133302
         506     1.21219      1.1853  0.00133145
         507     1.18293     1.18529  0.00132883
         508     1.15262     1.18523  0.00132777
         509     1.15375     1.18517   0.0013266
         510     1.15925     1.18512  0.00132497
         511     1.16728     1.18508  0.00132284
         512     1.17882     1.18507  0.00132031
         513     1.18257     1.18507  0.00131775
         514     1.20294      1.1851  0.00131564
         515     1.15897     1.18505  0.00131406
         516     1.14978     1.18498  0.00131329
         517     1.15404     1.18492  0.00131212
         518     1.13576     1.18483  0.00131301
         519     1.17167      1.1848  0.00131073
         520     1.18743     1.18481  0.00130822
         521       1.187     1.18481  0.00130571
         522     1.20163     1.18484  0.00130361
         523     1.19277     1.18486   0.0013012
         524     1.17423     1.18484  0.00129888
         525     1.17314     1.18482   0.0012966
         526     1.16146     1.18477  0.00129489
         527     1.16886     1.18474  0.00129279
         528     1.14784     1.18467  0.00129222
         529     1.15978     1.18462  0.00129064
         530     1.19579     1.18465  0.00128838
         531     1.22074     1.18471  0.00128774
         532     1.20975     1.18476  0.00128618
         533     1.18411     1.18476  0.00128377
         534     1.18222     1.18475  0.00128137
         535     1.19826     1.18478  0.00127923
         536     1.18677     1.18478  0.00127685
         537     1.19743     1.18481  0.00127468
         538     1.20591     1.18485  0.00127292
         539     1.23391     1.18494  0.00127381
         540     1.21188     1.18499  0.00127242
         541     1.17975     1.18498  0.00127011
         542     1.19444     1.18499  0.00126789
         543      1.1613     1.18495   0.0012663
         544       1.192     1.18496  0.00126404
         545     1.20517       1.185  0.00126226
         546     1.19924     1.18503  0.00126022
         547     1.19662     1.18505   0.0012581
         548     1.22272     1.18512  0.00125768
         549     1.21491     1.18517  0.00125656
         550     1.19357     1.18519  0.00125436
         551     1.21636     1.18524  0.00125336
         552     1.19786     1.18527   0.0012513
         553     1.19113     1.18528  0.00124908
         554     1.17443     1.18526  0.00124698
         555     1.15887     1.18521  0.00124564
         556     1.16729     1.18518  0.00124382
         557     1.17826     1.18516  0.00124165
         558     1.19345     1.18518  0.00123951
         559     1.19524      1.1852  0.00123742
         560     1.18979     1.18521  0.00123524
         561     1.16787     1.18517  0.00123343
         562     1.17925     1.18516  0.00123128
         563     1.19939     1.18519  0.00122935
         564      1.2819     1.18536  0.00123907
         565     1.28829     1.18554   0.0012502
         566     1.22587     1.18561  0.00125002
         567     1.21039     1.18566  0.00124857
         568     1.22238     1.18572  0.00124805
         569     1.19584     1.18574  0.00124598
         570     1.21273     1.18579  0.00124469
         571     1.21741     1.18584  0.00124375
         572     1.24107     1.18594  0.00124531
         573      1.1933     1.18595  0.00124321
         574     1.22589     1.18602  0.00124299
         575     1.19805     1.18604    0.001241
         576     1.17455     1.18602  0.00123901
         577     1.16919     1.18599   0.0012372
         578     1.16493     1.18596   0.0012356
         579     1.19691     1.18598  0.00123361
         580      1.1865     1.18598  0.00123148
         581     1.16955     1.18595  0.00122969
         582     1.18171     1.18594   0.0012276
         583     1.19979     1.18597  0.00122572
         584     1.18664     1.18597  0.00122362
         585     1.19344     1.18598   0.0012216
         586     1.23257     1.18606   0.0012221
         587     1.24634     1.18616  0.00122432
         588     1.24649     1.18626  0.00122653
         589     1.22712     1.18633  0.00122641
         590      1.1994     1.18636  0.00122453
         591     1.20144     1.18638  0.00122273
         592     1.22997     1.18646  0.00122288
         593     1.20662     1.18649  0.00122129
         594     1.21102     1.18653  0.00121993
         595     1.18663     1.18653  0.00121788
         596     1.19028     1.18654  0.00121585
         597     1.19034     1.18654  0.00121383
         598      1.2075     1.18658  0.00121231
         599      1.1711     1.18655  0.00121056
         600     1.17296     1.18653  0.00120875
