#		 BLOCK:	 ACTUAL_T:		 T_AVE:			 ERROR:
           1     0.96673     0.96673           0
           2     1.03784     1.00229   0.0251419
           3      1.1099     1.03816   0.0337448
           4     1.13964     1.06353   0.0335149
           5     1.18134     1.08709    0.034103
           6     1.18779     1.10387    0.032286
           7     1.17936     1.11466   0.0294197
           8     1.19752     1.12501   0.0275052
           9     1.19918     1.13325   0.0256539
          10     1.18761     1.13869   0.0236574
          11     1.18529     1.14293   0.0218828
          12     1.17336     1.14546   0.0202056
          13     1.19333     1.14914   0.0189839
          14     1.19176     1.15219   0.0178703
          15     1.19019     1.15472   0.0168576
          16     1.16669     1.15547   0.0158205
          17     1.16831     1.15623   0.0149079
          18     1.15219       1.156   0.0140814
          19     1.17443     1.15697   0.0133736
          20     1.19628     1.15894   0.0128486
          21     1.19702     1.16075    0.012364
          22     1.17007     1.16117   0.0118093
          23     1.18204     1.16208   0.0113306
          24     1.18116     1.16288   0.0108864
          25     1.18776     1.16387   0.0104963
          26     1.17995     1.16449   0.0101108
          27     1.20411     1.16596  0.00984227
          28     1.22854     1.16819  0.00974121
          29     1.22098     1.17001  0.00957388
          30     1.22611     1.17188  0.00943563
          31     1.25398     1.17453  0.00949567
          32     1.24268     1.17666  0.00943471
          33      1.2318     1.17833  0.00929562
          34     1.26616     1.18091  0.00937426
          35     1.24064     1.18262  0.00926045
          36     1.21427      1.1835  0.00904485
          37     1.16934     1.18312  0.00880849
          38      1.1991     1.18354  0.00858673
          39     1.24012     1.18499  0.00848824
          40     1.22733     1.18605  0.00834179
          41     1.23928     1.18735  0.00823875
          42     1.21635     1.18804  0.00807147
          43     1.20779      1.1885  0.00789683
          44     1.23089     1.18946  0.00777592
          45     1.22778     1.19031   0.0076496
          46      1.2346     1.19127  0.00754364
          47     1.23311     1.19216  0.00743546
          48     1.22663     1.19288  0.00731514
          49     1.22338      1.1935  0.00719229
          50     1.23411     1.19432  0.00709416
          51     1.26185     1.19564  0.00707756
          52     1.28787     1.19741  0.00716024
          53     1.24672     1.19834  0.00708531
          54     1.22169     1.19878  0.00696728
          55     1.18353      1.1985  0.00684611
          56     1.18037     1.19818  0.00673151
          57     1.16849     1.19766  0.00663352
          58     1.16123     1.19703  0.00654882
          59     1.20466     1.19716   0.0064391
          60     1.19895     1.19719  0.00633185
          61     1.14686     1.19636  0.00628156
          62     1.14845     1.19559  0.00622761
          63     1.16485      1.1951  0.00614783
          64     1.16089     1.19457  0.00607497
          65     1.16594     1.19413  0.00599746
          66     1.20409     1.19428  0.00590849
          67     1.23629      1.1949  0.00585349
          68     1.20444     1.19504  0.00576909
          69     1.19605     1.19506  0.00568549
          70     1.21294     1.19531  0.00561001
          71     1.21546      1.1956  0.00553817
          72      1.2113     1.19582  0.00546554
          73     1.22424     1.19621  0.00540452
          74     1.23692     1.19676  0.00535942
          75     1.22061     1.19707  0.00529739
          76     1.21797     1.19735  0.00523482
          77     1.21417     1.19757  0.00517139
          78     1.20601     1.19768  0.00510622
          79      1.1814     1.19747  0.00504574
          80     1.20828      1.1976  0.00498447
          81     1.18597     1.19746  0.00492501
          82     1.18496     1.19731   0.0048673
          83     1.21099     1.19747  0.00481145
          84     1.20122     1.19752  0.00475438
          85      1.1903     1.19743   0.0046992
          86     1.18862     1.19733  0.00464568
          87     1.19509      1.1973  0.00459235
          88      1.2265     1.19764  0.00455213
          89     1.26876     1.19844   0.0045706
          90     1.24664     1.19897  0.00455109
          91     1.22634     1.19927  0.00451101
          92     1.22782     1.19958  0.00447264
          93     1.25694      1.2002  0.00446687
          94     1.21405     1.20035  0.00442178
          95     1.18824     1.20022  0.00437707
          96     1.18352     1.20005  0.00433493
          97     1.18957     1.19994  0.00429158
          98     1.19663      1.1999  0.00424793
          99     1.21386     1.20004  0.00420736
         100     1.20231     1.20007  0.00416534
         101     1.22386      1.2003  0.00413076
         102     1.20703     1.20037  0.00409079
         103     1.21018     1.20046  0.00405218
         104     1.20029     1.20046  0.00401322
         105     1.21609     1.20061  0.00397775
         106     1.22401     1.20083  0.00394635
         107     1.20483     1.20087  0.00390964
         108     1.21077     1.20096  0.00387451
         109     1.22916     1.20122   0.0038476
         110     1.22421     1.20143  0.00381829
         111     1.20055     1.20142   0.0037839
         112     1.18583     1.20128  0.00375268
         113     1.19609     1.20124  0.00371975
         114      1.2029     1.20125  0.00368715
         115     1.23101     1.20151  0.00366415
         116      1.2305     1.20176  0.00364108
         117     1.21251     1.20185  0.00361111
         118     1.26589     1.20239  0.00362106
         119     1.21287     1.20248   0.0035917
         120     1.17912     1.20229  0.00356704
         121     1.19826     1.20225  0.00353772
         122     1.19252     1.20217  0.00350962
         123     1.17607     1.20196   0.0034875
         124     1.16632     1.20167   0.0034712
         125     1.17971      1.2015  0.00344787
         126     1.14913     1.20108  0.00344547
         127     1.16313     1.20078  0.00343128
         128     1.17636     1.20059  0.00340977
         129     1.19917     1.20058  0.00338336
         130     1.22233     1.20075  0.00336146
         131      1.2146     1.20085  0.00333747
         132     1.21829     1.20099  0.00331479
         133     1.23735     1.20126  0.00330113
         134     1.23169     1.20149  0.00328429
         135     1.20352      1.2015     0.00326
         136     1.20984     1.20156  0.00323661
         137     1.22298     1.20172  0.00321675
         138     1.22485     1.20189  0.00319781
         139     1.22321     1.20204  0.00317848
         140     1.21479     1.20213  0.00315708
         141     1.22082     1.20226  0.00313747
         142     1.23293     1.20248   0.0031228
         143     1.22918     1.20267  0.00310654
         144     1.20896     1.20271  0.00308527
         145      1.1994     1.20269  0.00306408
         146     1.22469     1.20284   0.0030468
         147     1.21327     1.20291  0.00302689
         148     1.21287     1.20298  0.00300719
         149     1.22018     1.20309  0.00298922
         150     1.21283     1.20316     0.00297
         151     1.19535     1.20311  0.00295078
         152     1.19469     1.20305  0.00293189
         153     1.18135     1.20291  0.00291615
         154     1.19215     1.20284  0.00289805
         155     1.20138     1.20283  0.00287937
         156     1.17898     1.20268  0.00286497
         157      1.1829     1.20255  0.00284949
         158     1.16693     1.20232  0.00284036
         159     1.15765     1.20204  0.00283635
         160     1.15708     1.20176  0.00283251
         161     1.16674     1.20155  0.00282326
         162      1.2054     1.20157  0.00280593
         163     1.20887     1.20161  0.00278908
         164     1.20857     1.20166  0.00277239
         165      1.2177     1.20175   0.0027573
         166     1.20441     1.20177  0.00274073
         167     1.18981      1.2017  0.00272526
         168     1.22208     1.20182  0.00271173
         169     1.21616      1.2019  0.00269702
         170     1.17619     1.20175  0.00268539
         171     1.19139     1.20169  0.00267037
         172     1.22025      1.2018  0.00265702
         173     1.19649     1.20177  0.00264184
         174     1.21724     1.20186  0.00262815
         175     1.18939     1.20179   0.0026141
         176     1.19675     1.20176   0.0025994
         177     1.23658     1.20196  0.00259215
         178     1.23993     1.20217  0.00258636
         179     1.25358     1.20246   0.0025878
         180     1.24407     1.20269  0.00258373
         181     1.24324     1.20291  0.00257915
         182     1.23859     1.20311  0.00257242
         183     1.19714     1.20307  0.00255857
         184       1.195     1.20303  0.00254505
         185     1.20478     1.20304  0.00253131
         186     1.20816     1.20307  0.00251785
         187     1.19545     1.20303  0.00250471
         188      1.2117     1.20307  0.00249181
         189     1.22441     1.20319  0.00248118
         190     1.22076     1.20328  0.00246985
         191         1.2     1.20326  0.00245698
         192     1.21654     1.20333  0.00244515
         193     1.22032     1.20342  0.00243407
         194     1.20346     1.20342  0.00242152
         195     1.21766     1.20349  0.00241021
         196     1.23958     1.20368  0.00240493
         197     1.22561     1.20379   0.0023953
         198     1.21739     1.20386  0.00238419
         199      1.2249     1.20396  0.00237455
         200     1.22492     1.20407  0.00236499
         201     1.24104     1.20425  0.00236036
         202     1.19647     1.20421  0.00234899
         203     1.21106     1.20425  0.00233766
         204     1.21799     1.20431  0.00232718
         205     1.23926     1.20448  0.00232206
         206     1.26142     1.20476  0.00232718
         207     1.26122     1.20503  0.00233187
         208      1.2526     1.20526  0.00233184
         209     1.26857     1.20556  0.00234028
         210     1.27797     1.20591   0.0023544
         211     1.25855     1.20616  0.00235642
         212     1.23411     1.20629  0.00234899
         213      1.2174     1.20634  0.00233854
         214     1.19656      1.2063  0.00232806
         215     1.18189     1.20618     0.00232
         216     1.18746      1.2061  0.00231088
         217     1.19671     1.20605  0.00230063
         218      1.2162      1.2061  0.00229055
         219     1.20154     1.20608  0.00228019
         220     1.24248     1.20624  0.00227582
         221     1.22325     1.20632  0.00226682
         222     1.22235     1.20639  0.00225776
         223     1.25278      1.2066   0.0022572
         224       1.207      1.2066  0.00224712
         225     1.22108     1.20667  0.00223805
         226     1.23562      1.2068  0.00223181
         227     1.23364     1.20691  0.00222511
         228      1.2384     1.20705  0.00221963
         229     1.21622     1.20709   0.0022103
         230     1.25557      1.2073  0.00221072
         231     1.28122     1.20762  0.00222418
         232     1.25897     1.20784  0.00222558
         233     1.22272     1.20791  0.00221694
         234     1.25555     1.20811   0.0022168
         235     1.22608     1.20819  0.00220868
         236     1.21824     1.20823  0.00219974
         237     1.20789     1.20823  0.00219045
         238     1.16864     1.20806  0.00218756
         239     1.20829     1.20806  0.00217841
         240     1.20986     1.20807  0.00216934
         241     1.21489      1.2081  0.00216052
         242      1.2114     1.20811  0.00215164
         243     1.21534     1.20814  0.00214299
         244     1.19633     1.20809  0.00213476
         245     1.21411     1.20812  0.00212618
         246     1.21147     1.20813  0.00211758
         247     1.19807     1.20809   0.0021094
         248      1.1546     1.20788  0.00211189
         249     1.18416     1.20778  0.00210556
         250     1.21112     1.20779  0.00209718
         251     1.19241     1.20773  0.00208972
         252      1.1876     1.20765  0.00208295
         253      1.1853     1.20757  0.00207659
         254     1.17252     1.20743    0.002073
         255     1.19508     1.20738  0.00206543
         256     1.18947     1.20731  0.00205855
         257     1.19904     1.20728  0.00205079
         258     1.16619     1.20712  0.00204902
         259     1.16906     1.20697  0.00204637
         260     1.17925     1.20686  0.00204127
         261     1.18212     1.20677  0.00203565
         262       1.184     1.20668  0.00202974
         263     1.19689     1.20664  0.00202236
         264     1.16685     1.20649  0.00202031
         265     1.17535     1.20638   0.0020161
         266     1.19479     1.20633  0.00200899
         267     1.24257     1.20647  0.00200605
         268      1.2507     1.20663  0.00200534
         269     1.21508     1.20667  0.00199813
         270     1.23916     1.20679  0.00199435
         271     1.23082     1.20687  0.00198896
         272     1.18901     1.20681  0.00198273
         273     1.17975     1.20671  0.00197795
         274     1.19462     1.20667  0.00197122
         275     1.19421     1.20662  0.00196457
         276     1.19763     1.20659  0.00195772
         277     1.19599     1.20655  0.00195103
         278     1.22643     1.20662  0.00194532
         279     1.25204     1.20678  0.00194515
         280     1.23357     1.20688  0.00194055
         281     1.20625     1.20688  0.00193365
         282      1.1993     1.20685  0.00192698
         283     1.19466     1.20681  0.00192065
         284     1.21167     1.20682  0.00191396
         285     1.21615     1.20686  0.00190753
         286     1.22291     1.20691  0.00190168
         287     1.22488     1.20698  0.00189609
         288     1.21623     1.20701  0.00188978
         289     1.23174     1.20709  0.00188517
         290     1.21423     1.20712  0.00187883
         291     1.19757     1.20709  0.00187266
         292     1.17206     1.20697  0.00187009
         293      1.2079     1.20697  0.00186371
         294     1.18425     1.20689  0.00185897
         295     1.19039     1.20684  0.00185351
         296     1.17169     1.20672  0.00185105
         297     1.18389     1.20664  0.00184641
         298     1.17599     1.20654  0.00184308
         299     1.18368     1.20646   0.0018385
         300     1.20443     1.20645  0.00183238
         301     1.19415     1.20641  0.00182675
         302     1.18755     1.20635  0.00182177
         303     1.19727     1.20632    0.001816
         304     1.18377     1.20625  0.00181154
         305     1.17496     1.20614  0.00180851
         306     1.19837     1.20612  0.00180277
         307     1.18677     1.20605    0.001798
         308     1.18289     1.20598  0.00179374
         309     1.19575     1.20595  0.00178824
         310     1.20103     1.20593  0.00178254
         311     1.16332     1.20579  0.00178207
         312     1.20733      1.2058  0.00177636
         313     1.21299     1.20582  0.00177083
         314     1.20399     1.20582   0.0017652
         315     1.20824     1.20582  0.00175962
         316     1.18992     1.20577  0.00175477
         317     1.16885     1.20566  0.00175309
         318     1.16338     1.20552  0.00175261
         319     1.17251     1.20542  0.00175017
         320     1.20401     1.20542  0.00174471
         321     1.19074     1.20537  0.00173987
         322     1.20697     1.20538  0.00173448
         323      1.2066     1.20538  0.00172911
         324     1.20138     1.20537  0.00172382
         325     1.20757     1.20537  0.00171853
         326     1.20476     1.20537  0.00171326
         327     1.17275     1.20527  0.00171092
         328     1.20889     1.20528  0.00170574
         329      1.1989     1.20526  0.00170066
         330     1.19405     1.20523  0.00169585
         331     1.19034     1.20518  0.00169132
         332     1.20182     1.20517  0.00168626
         333     1.24571      1.2053  0.00168558
         334     1.25662     1.20545  0.00168753
         335     1.20704     1.20545   0.0016825
         336     1.20175     1.20544  0.00167752
         337     1.21073     1.20546  0.00167262
         338     1.21204     1.20548  0.00166778
         339     1.21784     1.20551  0.00166326
         340     1.25614     1.20566  0.00166502
         341     1.20458     1.20566  0.00166014
         342     1.20657     1.20566  0.00165529
         343     1.19601     1.20564   0.0016507
         344     1.19584     1.20561  0.00164615
         345     1.21053     1.20562  0.00164144
         346     1.24428     1.20573   0.0016405
         347     1.22855      1.2058  0.00163709
         348     1.19877     1.20578  0.00163251
         349      1.2156     1.20581  0.00162807
         350     1.21662     1.20584  0.00162371
         351     1.22315     1.20589  0.00161984
         352     1.21839     1.20592  0.00161562
         353     1.22368     1.20597  0.00161183
         354     1.20981     1.20598  0.00160731
         355     1.20849     1.20599   0.0016028
         356     1.22552     1.20605  0.00159924
         357     1.21948     1.20608   0.0015952
         358     1.21358      1.2061  0.00159088
         359     1.21602     1.20613  0.00158669
         360     1.21562     1.20616   0.0015825
         361     1.22793     1.20622  0.00157927
         362      1.2273     1.20628  0.00157598
         363     1.24693     1.20639  0.00157561
         364     1.22867     1.20645  0.00157247
         365     1.18933      1.2064  0.00156886
         366     1.21908     1.20644  0.00156496
         367     1.21613     1.20646  0.00156092
         368     1.22136      1.2065   0.0015572
         369     1.16986      1.2064  0.00155614
         370     1.14351     1.20623   0.0015612
         371     1.15392     1.20609  0.00156334
         372     1.17575     1.20601  0.00156127
         373     1.19249     1.20598   0.0015575
         374     1.21031     1.20599  0.00155338
         375     1.19579     1.20596  0.00154948
         376     1.19897     1.20594  0.00154547
         377     1.21967     1.20598   0.0015418
         378     1.20316     1.20597  0.00153773
         379     1.20654     1.20597  0.00153368
         380     1.21272     1.20599  0.00152975
         381     1.20396     1.20598  0.00152574
         382     1.21855     1.20602   0.0015221
         383     1.21072     1.20603  0.00151817
         384     1.17128     1.20594  0.00151692
         385     1.17989     1.20587  0.00151448
         386     1.17924      1.2058  0.00151213
         387     1.16633      1.2057  0.00151166
         388     1.16945     1.20561  0.00151065
         389     1.20703     1.20561  0.00150677
         390     1.24665     1.20572  0.00150658
         391     1.23623     1.20579  0.00150474
         392     1.22399     1.20584  0.00150162
         393      1.2195     1.20588   0.0014982
         394      1.2107     1.20589  0.00149445
         395     1.21497     1.20591  0.00149084
         396     1.24864     1.20602  0.00149098
         397     1.20317     1.20601  0.00148724
         398     1.20697     1.20601   0.0014835
         399     1.20706     1.20602  0.00147979
         400     1.19783       1.206  0.00147623
         401      1.2006     1.20598  0.00147261
         402     1.21867     1.20601  0.00146928
         403     1.19807     1.20599  0.00146577
         404     1.19877     1.20598  0.00146225
         405     1.16797     1.20588  0.00146165
         406     1.16286     1.20578  0.00146189
         407     1.17639      1.2057  0.00146008
         408     1.17607     1.20563   0.0014583
         409      1.1796     1.20557  0.00145613
         410     1.16229     1.20546   0.0014564
         411     1.21617     1.20549  0.00145308
         412     1.20042     1.20548  0.00144961
         413     1.18616     1.20543  0.00144685
         414     1.20863     1.20544  0.00144338
         415     1.24234     1.20553  0.00144264
         416     1.23742      1.2056  0.00144121
         417     1.23185     1.20567  0.00143913
         418     1.24178     1.20575  0.00143827
         419     1.24933     1.20586   0.0014386
         420     1.21254     1.20587  0.00143526
         421     1.21906      1.2059  0.00143219
         422     1.20165     1.20589  0.00142883
         423     1.21331     1.20591  0.00142556
         424     1.22508     1.20596  0.00142292
         425     1.21854     1.20599  0.00141988
         426     1.24285     1.20607  0.00141918
         427     1.22691     1.20612   0.0014167
         428     1.24913     1.20622  0.00141695
         429     1.24433     1.20631  0.00141642
         430      1.2359     1.20638   0.0014148
         431      1.2117     1.20639  0.00141157
         432     1.23647     1.20646  0.00141002
         433     1.22462      1.2065  0.00140739
         434     1.20782     1.20651  0.00140415
         435      1.2092     1.20651  0.00140093
         436     1.24394      1.2066  0.00140035
         437     1.22552     1.20664  0.00139781
         438     1.21839     1.20667  0.00139488
         439     1.22539     1.20671  0.00139235
         440     1.21585     1.20673  0.00138934
         441     1.22703     1.20678  0.00138695
         442     1.21362     1.20679   0.0013839
         443     1.23468     1.20686  0.00138221
         444      1.2108     1.20687  0.00137913
         445     1.21531     1.20688  0.00137616
         446     1.24589     1.20697  0.00137585
         447     1.21629     1.20699  0.00137293
         448      1.2358     1.20706  0.00137137
         449     1.23936     1.20713   0.0013702
         450     1.24941     1.20722  0.00137037
         451     1.25029     1.20732  0.00137066
         452     1.24104     1.20739  0.00136965
         453     1.20983      1.2074  0.00136664
         454     1.22951     1.20745   0.0013645
         455     1.24629     1.20753  0.00136417
         456     1.22525     1.20757  0.00136173
         457     1.23057     1.20762  0.00135968
         458      1.3084     1.20784   0.0013744
         459      1.2872     1.20801  0.00138224
         460     1.25586     1.20812  0.00138314
         461     1.27428     1.20826  0.00138757
         462     1.27873     1.20841  0.00139292
         463     1.29803     1.20861   0.0014033
         464     1.26671     1.20873  0.00140585
         465     1.25202     1.20883   0.0014059
         466     1.27514     1.20897  0.00141007
         467     1.25091     1.20906  0.00140991
         468     1.23406     1.20911  0.00140791
         469     1.25597     1.20921  0.00140845
         470     1.23714     1.20927   0.0014067
         471     1.25004     1.20936  0.00140638
         472     1.22177     1.20938  0.00140364
         473     1.23426     1.20944  0.00140166
         474     1.22707     1.20947   0.0013992
         475     1.23284     1.20952  0.00139711
         476     1.23886     1.20958  0.00139554
         477     1.25717     1.20968  0.00139617
         478     1.25486     1.20978  0.00139645
         479     1.22409     1.20981  0.00139385
         480      1.2221     1.20983  0.00139119
         481     1.23093     1.20988  0.00138898
         482     1.22171      1.2099  0.00138632
         483      1.1926     1.20987  0.00138391
         484     1.19713     1.20984   0.0013813
         485     1.20755     1.20984  0.00137846
         486     1.18735     1.20979   0.0013764
         487     1.20104     1.20977  0.00137369
         488     1.22456      1.2098  0.00137121
         489      1.2205     1.20982  0.00136858
         490     1.21962     1.20984  0.00136594
         491     1.21857     1.20986  0.00136327
         492     1.18678     1.20981  0.00136131
         493      1.1823     1.20976  0.00135969
         494     1.19344     1.20973  0.00135734
         495     1.16995     1.20965  0.00135697
         496     1.17489     1.20958  0.00135604
         497     1.21261     1.20958  0.00135333
         498      1.2029     1.20957  0.00135068
         499     1.19722     1.20954   0.0013482
         500     1.20672     1.20954  0.00134551
         501     1.19319     1.20951  0.00134322
         502     1.16978     1.20943  0.00134288
         503     1.16671     1.20934  0.00134289
         504     1.17662     1.20928  0.00134179
         505     1.17402     1.20921  0.00134095
         506     1.19709     1.20918  0.00133851
         507     1.19428     1.20915   0.0013362
         508     1.16295     1.20906  0.00133666
         509     1.19851     1.20904  0.00133419
         510     1.20521     1.20903   0.0013316
         511     1.21613     1.20905  0.00132906
         512     1.19735     1.20902  0.00132666
         513     1.22072     1.20905  0.00132427
         514     1.25967     1.20915  0.00132535
         515     1.23414     1.20919  0.00132367
         516      1.2295     1.20923  0.00132169
         517     1.20842     1.20923  0.00131913
         518      1.2004     1.20922   0.0013167
         519     1.22246     1.20924  0.00131441
         520     1.21953     1.20926  0.00131203
         521     1.20128     1.20925   0.0013096
         522     1.22087     1.20927  0.00130728
         523     1.20759     1.20926  0.00130478
         524     1.18782     1.20922  0.00130294
         525     1.20802     1.20922  0.00130046
         526     1.21487     1.20923  0.00129803
         527     1.24038     1.20929  0.00129691
         528     1.23427     1.20934  0.00129532
         529     1.21659     1.20935  0.00129294
         530     1.20031     1.20934  0.00129061
         531     1.17785     1.20928  0.00128954
         532     1.19592     1.20925  0.00128736
         533     1.17054     1.20918    0.001287
         534     1.19475     1.20915  0.00128487
         535     1.17304     1.20908  0.00128424
         536      1.1726     1.20902  0.00128365
         537     1.21335     1.20902  0.00128128
         538     1.19568       1.209  0.00127914
         539     1.20038     1.20898  0.00127687
         540     1.18998     1.20895  0.00127499
         541     1.21387     1.20896  0.00127266
         542     1.23969     1.20901  0.00127158
         543     1.26471     1.20912  0.00127336
         544     1.24187     1.20918  0.00127245
         545     1.22742     1.20921  0.00127055
         546     1.23152     1.20925  0.00126888
         547     1.20219     1.20924  0.00126663
         548     1.17494     1.20917  0.00126586
         549     1.14115     1.20905   0.0012696
         550     1.16618     1.20897  0.00126969
         551     1.20134     1.20896  0.00126746
         552     1.19754     1.20894  0.00126533
         553     1.17232     1.20887  0.00126477
         554      1.1542     1.20877  0.00126634
         555      1.1543     1.20868  0.00126785
         556     1.15424     1.20858  0.00126934
         557      1.1778     1.20852  0.00126827
         558     1.16562     1.20845  0.00126832
         559     1.19506     1.20842  0.00126628
         560     1.20216     1.20841  0.00126407
         561     1.18337     1.20837   0.0012626
         562     1.16073     1.20828   0.0012632
         563     1.16394      1.2082  0.00126341
         564     1.19195     1.20817  0.00126149
         565     1.18477     1.20813  0.00125994
         566     1.20966     1.20813  0.00125772
         567     1.20334     1.20813  0.00125553
         568     1.21716     1.20814  0.00125342
         569      1.2225     1.20817  0.00125147
         570     1.22194     1.20819  0.00124951
         571     1.18715     1.20815  0.00124786
         572      1.1849     1.20811  0.00124634
         573     1.18367     1.20807   0.0012449
         574     1.21323     1.20808  0.00124276
         575      1.2435     1.20814  0.00124213
         576     1.22803     1.20818  0.00124045
         577     1.23411     1.20822  0.00123911
         578     1.22401     1.20825  0.00123727
         579     1.20908     1.20825  0.00123513
         580      1.1908     1.20822  0.00123337
         581     1.19685      1.2082   0.0012314
         582     1.21758     1.20822  0.00122939
         583      1.1934     1.20819  0.00122755
         584     1.18276     1.20815  0.00122622
         585     1.21219     1.20815  0.00122414
         586     1.20492     1.20815  0.00122206
         587      1.2003     1.20814  0.00122006
         588     1.19085     1.20811  0.00121833
         589     1.19552     1.20808  0.00121645
         590     1.21857      1.2081  0.00121452
         591     1.23452     1.20815  0.00121329
         592     1.22152     1.20817  0.00121145
         593     1.21303     1.20818  0.00120943
         594     1.22963     1.20821  0.00120794
         595     1.22069     1.20824  0.00120609
         596     1.23064     1.20827  0.00120465
         597     1.22507      1.2083  0.00120296
         598     1.21914     1.20832  0.00120109
         599     1.23498     1.20836  0.00119991
         600     1.25707     1.20844  0.00120065
