# DISTANCE:		AVE_GOFR:	 ERROR:
           0           0           0
           1           0           0
           2           0           0
           3           0           0
           4           0           0
           5           0           0
           6           0           0
           7           0           0
           8           0           0
           9           0           0
          10           0           0
          11           0           0
          12           0           0
          13           0           0
          14           0           0
          15           0           0
          16           0           0
          17           0           0
          18           0           0
          19           0           0
          20           0           0
          21           0           0
          22           0           0
          23           0           0
          24           0           0
          25           0           0
          26           0           0
          27           0           0
          28           0           0
          29           0           0
          30           0           0
          31           0           0
          32           0           0
          33           0           0
          34           0           0
          35           0           0
          36           0           0
          37           0           0
          38           0           0
          39           0           0
          40           0           0
          41           0           0
          42           0           0
          43           0           0
          44           0           0
          45           0           0
          46           0           0
          47           0           0
          48           0           0
          49           0           0
          50           0           0
          51           0           0
          52           0           0
          53           0           0
          54           0           0
          55           0           0
          56           0           0
          57           0           0
          58           0           0
          59           0           0
          60           0           0
          61           0           0
          62           0           0
          63           0           0
          64           0           0
          65           0           0
          66           0           0
          67           0           0
          68           0           0
          69           0           0
          70           0           0
          71           0           0
          72           0           0
          73           0           0
          74           0           0
          75           0           0
          76           0           0
          77           0           0
          78           0           0
          79           0           0
          80           0           0
          81           0           0
          82           0           0
          83           0           0
          84           0           0
          85           0           0
          86           0           0
          87           0           0
          88           0           0
          89           0           0
          90           0           0
          91           0           0
          92           0           0
          93           0           0
          94           0           0
          95           0           0
          96           0           0
          97           0           0
          98           0           0
          99           0           0
         100           0           0
         101           0           0
         102           0           0
         103           0           0
         104           0           0
         105           0           0
         106           0           0
         107           0           0
         108           0           0
         109           0           0
         110           0           0
         111           0           0
         112           0           0
         113           0           0
         114           0           0
         115           0           0
         116           0           0
         117           0           0
         118           0           0
         119           0           0
         120           0           0
         121           0           0
         122           0           0
         123           0           0
         124           0           0
         125           0           0
         126           0           0
         127           0           0
         128           0           0
         129           0           0
         130           0           0
         131           0           0
         132           0           0
         133           0           0
         134 4.82732e-05 2.20556e-05
         135 0.000136745 4.01964e-05
         136 0.000345659 4.54525e-05
         137  0.00107968 8.58926e-05
         138   0.0023104 0.000141197
         139  0.00501476 0.000209856
         140   0.0102633 0.000293581
         141    0.018422  0.00037577
         142   0.0320281 0.000476356
         143   0.0517112 0.000515227
         144   0.0824279 0.000794088
         145    0.119801  0.00100419
         146     0.16951  0.00111459
         147    0.233158   0.0012982
         148    0.311486  0.00162554
         149    0.403099  0.00168506
         150    0.501887   0.0020604
         151     0.61324  0.00212472
         152    0.729838  0.00244404
         153    0.854142  0.00247029
         154    0.985996  0.00258997
         155     1.11783    0.003397
         156     1.24146  0.00371613
         157     1.36599   0.0041555
         158     1.48951  0.00404306
         159     1.60287  0.00394895
         160     1.70414  0.00471433
         161     1.80862  0.00446505
         162     1.89078  0.00485143
         163     1.97157  0.00504918
         164     2.04946  0.00555849
         165     2.10203  0.00565459
         166     2.14442  0.00517696
         167     2.19255  0.00496611
         168     2.22669  0.00612346
         169     2.24979  0.00625974
         170     2.25891  0.00543691
         171     2.28894  0.00579151
         172      2.2884  0.00582025
         173      2.2916  0.00560629
         174     2.28619  0.00522489
         175     2.27191  0.00521838
         176     2.26932  0.00482682
         177     2.24824  0.00537967
         178     2.22683  0.00519504
         179     2.21767  0.00571179
         180     2.20245  0.00470746
         181      2.1794  0.00403461
         182     2.15238  0.00479576
         183      2.1202  0.00474209
         184     2.10143  0.00504581
         185     2.07608  0.00426816
         186     2.05252  0.00490103
         187     2.02174  0.00406407
         188      1.9969  0.00400428
         189     1.97407  0.00418421
         190     1.94933  0.00437574
         191     1.92553  0.00418591
         192     1.89243  0.00380867
         193     1.87003  0.00371297
         194     1.84654  0.00386819
         195     1.82736  0.00372755
         196     1.80372  0.00406574
         197     1.77247  0.00391787
         198     1.74669  0.00403548
         199     1.72891  0.00360967
         200     1.70996  0.00294021
         201     1.68258  0.00345564
         202     1.66638   0.0035677
         203     1.64439  0.00339199
         204     1.62281  0.00341351
         205     1.60157  0.00331115
         206     1.59372  0.00295698
         207     1.56872  0.00327772
         208     1.55285  0.00346675
         209     1.53825  0.00367221
         210     1.51923  0.00313941
         211      1.5075  0.00320996
         212     1.48904  0.00347138
         213     1.47396  0.00295812
         214     1.46016  0.00274367
         215     1.44662  0.00270803
         216     1.43575  0.00273969
         217      1.4206   0.0027339
         218     1.40968  0.00272934
         219     1.39291  0.00288936
         220     1.38195  0.00305022
         221     1.37016  0.00285325
         222     1.35683  0.00260459
         223       1.352  0.00287819
         224     1.33548  0.00236117
         225     1.32851  0.00245855
         226     1.31444  0.00281843
         227     1.31395  0.00236756
         228     1.29941  0.00232728
         229     1.29423  0.00232876
         230     1.27966  0.00225526
         231     1.27201  0.00209789
         232     1.26811  0.00235829
         233     1.26071  0.00203855
         234     1.25736  0.00234773
         235     1.24269  0.00264311
         236     1.23794  0.00205628
         237     1.23274  0.00257824
         238     1.22405  0.00222736
         239     1.21318  0.00243153
         240     1.21114  0.00249054
         241     1.20826  0.00223069
         242      1.2001  0.00227306
         243     1.19526   0.0020714
         244     1.19276  0.00209565
         245     1.18501  0.00243569
         246     1.17965  0.00216319
         247     1.17425  0.00216085
         248     1.16974   0.0021568
         249     1.16698  0.00209074
         250     1.16308  0.00191274
         251     1.15788   0.0021609
         252     1.15648  0.00219911
         253     1.14464  0.00192371
         254      1.1481  0.00193026
         255     1.14031   0.0018667
         256     1.13992  0.00222104
         257     1.13169  0.00204272
         258     1.13339   0.0020955
         259     1.12708  0.00230287
         260     1.12505  0.00173279
         261     1.12147  0.00198653
         262     1.11823  0.00193532
         263     1.11812   0.0018181
         264     1.11502  0.00212726
         265     1.10961  0.00172975
         266     1.10716  0.00185511
         267     1.10349  0.00191301
         268     1.10568   0.0018374
         269     1.10315  0.00207732
         270     1.09801  0.00196919
         271      1.0977  0.00167409
         272     1.09235    0.001932
         273     1.09454  0.00146562
         274     1.09083  0.00150607
         275     1.09152  0.00205633
         276      1.0859  0.00180932
         277     1.08654   0.0017458
         278     1.07808  0.00165514
         279     1.07971  0.00168337
         280     1.07776  0.00189309
         281      1.0807  0.00166608
         282      1.0802  0.00170262
         283     1.07578  0.00206364
         284     1.07458  0.00144534
         285     1.07499  0.00167493
         286     1.07382  0.00165976
         287     1.07277  0.00176523
         288     1.07168  0.00161229
         289     1.06846  0.00184034
         290     1.06998  0.00160791
         291     1.06747  0.00169047
         292     1.06639  0.00191438
         293     1.06585  0.00176608
         294       1.066  0.00160403
         295     1.06274  0.00164595
         296     1.06334  0.00161331
         297     1.06296   0.0015116
         298      1.0618  0.00154024
         299     1.06048  0.00185052
         300     1.06263  0.00147852
         301      1.0597  0.00160007
         302      1.0619  0.00146188
         303     1.06078  0.00137456
         304     1.06003  0.00158817
         305     1.05977  0.00153376
         306      1.0609  0.00154724
         307     1.05857  0.00163997
         308     1.05612  0.00169777
         309     1.06063  0.00143603
         310     1.05579  0.00153976
         311     1.05549  0.00157371
         312     1.05631  0.00147161
         313     1.06045  0.00169875
         314     1.05733  0.00155272
         315     1.05839  0.00154945
         316     1.05638  0.00157557
         317     1.05338  0.00158863
         318     1.05642  0.00146217
         319     1.05623  0.00145381
         320     1.05468  0.00147562
         321      1.0558  0.00151731
         322     1.05701  0.00153114
         323     1.05584  0.00130571
         324     1.05545  0.00130425
         325     1.05767  0.00146528
         326     1.05527  0.00146163
         327     1.05398  0.00141792
         328     1.05437  0.00130616
         329     1.05468  0.00152554
         330     1.05258  0.00143777
         331     1.05331  0.00137807
         332     1.05233  0.00143049
         333     1.05251  0.00131987
         334      1.0485  0.00131104
         335     1.05147   0.0014071
         336     1.05132  0.00134943
         337     1.05363  0.00128914
         338     1.05146  0.00158689
         339     1.04873  0.00139431
         340     1.05003  0.00140483
         341     1.04976  0.00142221
         342     1.04997  0.00140049
         343     1.04679   0.0015242
         344     1.04714  0.00118306
         345     1.04621  0.00163322
         346     1.04777  0.00146167
         347     1.04532  0.00140467
         348     1.04688  0.00125232
         349     1.04239  0.00125152
         350     1.04466  0.00126689
         351     1.04572  0.00128906
         352     1.04432  0.00137035
         353     1.04634  0.00137063
         354     1.04511  0.00127911
         355     1.04213  0.00127985
         356     1.04193  0.00125545
         357     1.04163  0.00130224
         358     1.04131   0.0012691
         359     1.03956  0.00118839
         360     1.03981  0.00122347
         361     1.03992  0.00127858
         362     1.03835  0.00124376
         363     1.03572  0.00117586
         364     1.03833  0.00118231
         365     1.03993  0.00135271
         366     1.03758  0.00129235
         367     1.03709   0.0013787
         368     1.03426  0.00133669
         369     1.02968  0.00125984
         370     1.03318  0.00137952
         371     1.03224  0.00136229
         372     1.03318  0.00107213
         373     1.03041  0.00131929
         374     1.03199  0.00126955
         375     1.03244  0.00138949
         376     1.02786  0.00121138
         377     1.03197  0.00141476
         378     1.03096  0.00119745
         379     1.02961  0.00122696
         380     1.02884  0.00125681
         381     1.02681  0.00113218
         382     1.02744  0.00106061
         383     1.02666  0.00115474
         384     1.02655  0.00113139
         385     1.02502  0.00116501
         386     1.02561  0.00120026
         387     1.02645  0.00120395
         388     1.02415  0.00107156
         389     1.02457  0.00116581
         390     1.02482  0.00119098
         391     1.02284  0.00113598
         392     1.02557  0.00106201
         393     1.02528  0.00117031
         394     1.01996  0.00118772
         395     1.02103  0.00121267
         396     1.02211  0.00128762
         397     1.02117  0.00115804
         398      1.0196  0.00108282
         399     1.01952  0.00106977
         400       1.019  0.00117146
         401     1.01765  0.00113139
         402     1.01683  0.00111738
         403     1.01757  0.00115412
         404     1.01679  0.00116355
         405     1.01513  0.00105467
         406      1.0173  0.00105407
         407     1.01511   0.0010493
         408     1.01446  0.00107028
         409     1.01626  0.00127392
         410     1.01498  0.00113395
         411       1.015  0.00113626
         412     1.01342  0.00126997
         413     1.01183  0.00108118
         414     1.01431  0.00112599
         415     1.01366  0.00102895
         416     1.01349  0.00104835
         417     1.01236  0.00120302
         418     1.01238  0.00120202
         419     1.01049  0.00100388
         420     1.01152  0.00112658
         421     1.01057  0.00114652
         422     1.01072  0.00108728
         423      1.0113  0.00110024
         424     1.00912  0.00108944
         425     1.01116 0.000980865
         426     1.00913  0.00109425
         427     1.01093  0.00110573
         428      1.0075  0.00114176
         429     1.00755  0.00105967
         430     1.01001  0.00117747
         431     1.00839  0.00112921
         432     1.00689  0.00105476
         433     1.00922  0.00109855
         434     1.00956  0.00107059
         435     1.00915  0.00103076
         436     1.00502  0.00111403
         437      1.0071 0.000893955
         438     1.00783  0.00105942
         439     1.00579  0.00109226
         440     1.00535  0.00099683
         441     1.00676  0.00107091
         442     1.00425  0.00106061
         443     1.00646 0.000981582
         444     1.00563 0.000972216
         445     1.00429  0.00119655
         446      1.0061 0.000990645
         447     1.00447 0.000973387
         448     1.00473 0.000935978
         449     1.00544 0.000955116
         450     1.00383 0.000979488
         451     1.00547  0.00106718
         452     1.00493  0.00095339
         453     1.00371  0.00101191
         454     1.00386 0.000945389
         455     1.00238 0.000887939
         456     1.00297  0.00109278
         457     1.00375  0.00100229
         458     1.00383  0.00107085
         459     1.00216  0.00106572
         460     1.00194 0.000910932
         461     1.00395 0.000939678
         462     1.00179  0.00100214
         463     1.00059  0.00108532
         464     1.00095 0.000963167
         465     1.00232 0.000935449
         466    0.998973  0.00107646
         467     1.00124 0.000975916
         468     1.00122 0.000882271
         469    0.998863  0.00085689
         470     1.00081 0.000931135
         471     1.00216  0.00100594
         472    0.999716 0.000930944
         473    0.998961  0.00097815
         474       1.001 0.000935432
         475     1.00188 0.000944973
         476     1.00006 0.000965891
         477    0.998344  0.00103165
         478    0.998573   0.0010584
         479    0.999518   0.0010575
         480    0.999025  0.00086944
         481     1.00125  0.00100471
         482    0.998585 0.000913356
         483     1.00114  0.00085684
         484    0.997499 0.000945714
         485    0.999626 0.000924941
         486    0.996581 0.000941172
         487    0.997188 0.000985745
         488    0.998469  0.00092935
         489    0.997019 0.000932499
         490    0.997551   0.0009078
         491    0.998126 0.000944045
         492    0.997273 0.000938893
         493    0.998895  0.00090407
         494    0.997805 0.000964546
         495    0.995425 0.000923742
         496    0.997948  0.00085803
         497    0.996354 0.000892251
         498    0.997647 0.000997548
         499    0.996006 0.000875501
         500    0.997974  0.00090887
         501     0.99744 0.000890636
         502    0.997271 0.000881745
         503    0.997554 0.000889246
         504    0.998136 0.000870295
         505    0.996516 0.000821537
         506    0.995264   0.0009025
         507    0.996886 0.000884366
         508    0.994739  0.00078443
         509    0.995698 0.000855889
         510    0.997887 0.000823287
         511    0.996518 0.000971036
         512    0.995911 0.000914945
         513    0.996183 0.000868521
         514    0.996635 0.000850875
         515    0.996637 0.000942989
         516    0.995157 0.000877671
         517    0.996169 0.000850727
         518    0.995656  0.00093107
         519    0.995219 0.000864718
         520    0.994457 0.000909819
         521    0.994272  0.00090282
         522    0.994809 0.000835798
         523     0.99392 0.000778875
         524    0.995293 0.000908511
         525    0.994254 0.000805099
         526    0.994465 0.000741292
         527    0.995475 0.000903817
         528    0.993661 0.000898456
         529    0.995128 0.000956844
         530    0.994111 0.000939349
         531    0.994956 0.000868062
         532      0.9928  0.00084348
         533    0.995921 0.000841375
         534    0.995565 0.000697424
         535    0.994353 0.000850366
         536    0.993606 0.000901429
         537    0.994843 0.000840725
         538    0.995507 0.000885849
         539    0.994232 0.000785323
         540    0.993071 0.000764824
         541    0.994077  0.00089453
         542    0.994184 0.000812442
         543    0.994917  0.00088015
         544     0.99318  0.00070382
         545     0.99267 0.000880085
         546    0.992324 0.000963634
         547    0.992494 0.000892181
         548    0.993162 0.000791748
         549    0.991992 0.000777445
         550    0.992346 0.000825516
         551    0.993534 0.000878661
         552     0.99402  0.00069883
         553    0.992773 0.000905615
         554    0.992371 0.000828473
         555    0.990252 0.000887711
         556     0.99346 0.000914609
         557    0.992321 0.000744419
         558     0.99135 0.000866259
         559    0.991509 0.000923095
         560    0.991389 0.000732126
         561     0.99417 0.000794621
         562    0.991743 0.000913779
         563    0.991642 0.000810648
         564    0.993234 0.000793642
         565    0.992801 0.000783976
         566    0.992303 0.000833753
         567    0.991216 0.000799762
         568    0.991446 0.000748327
         569    0.989951 0.000754543
         570    0.991047 0.000798428
         571    0.990004 0.000749981
         572    0.991932 0.000742098
         573    0.991061 0.000836766
         574    0.991342 0.000769156
         575    0.991595 0.000843915
         576    0.991352 0.000751033
         577    0.991046 0.000840565
         578    0.992543 0.000811207
         579    0.990538 0.000789927
         580    0.991652 0.000817798
         581    0.990523 0.000794112
         582     0.99086  0.00086805
         583    0.991126 0.000835403
         584    0.990784 0.000797885
         585    0.991597 0.000776838
         586    0.990651 0.000805305
         587    0.991011 0.000736567
         588    0.991827 0.000680859
         589    0.991487 0.000770336
         590    0.990724 0.000757175
         591    0.990987 0.000711207
         592    0.988506 0.000847003
         593    0.990828 0.000717083
         594    0.989787 0.000732241
         595    0.988836 0.000725079
         596    0.989522  0.00065753
         597    0.989517 0.000747679
         598    0.990753 0.000768179
         599    0.990831 0.000738009
         600    0.989803  0.00077304
         601    0.990562  0.00072135
         602    0.990259 0.000787006
         603    0.990762 0.000760065
         604    0.990938 0.000741594
         605    0.989247 0.000746567
         606    0.990339 0.000706357
         607    0.989903 0.000730691
         608    0.988287  0.00079639
         609    0.988941 0.000805006
         610    0.989384 0.000713561
         611    0.990794 0.000753734
         612     0.98975  0.00073661
         613    0.989975 0.000777792
         614    0.989546  0.00069768
         615    0.988057 0.000719626
         616    0.989174 0.000761375
         617     0.98895 0.000692343
         618    0.990489 0.000790819
         619    0.989314 0.000679245
         620    0.989729 0.000751363
         621     0.98884 0.000742643
         622    0.988861 0.000770575
         623    0.988168  0.00072013
         624     0.98807 0.000771469
         625    0.989202 0.000811707
         626    0.989143 0.000804727
         627     0.98877 0.000773389
         628    0.989985 0.000753447
         629      0.9884 0.000726194
         630    0.989776 0.000680429
         631    0.989448 0.000699834
         632    0.989384 0.000620128
         633    0.988569 0.000810093
         634    0.988503 0.000792758
         635    0.989006 0.000746238
         636    0.988024 0.000763911
         637    0.988248 0.000669098
         638    0.989201 0.000710693
         639    0.989294 0.000702141
         640    0.988923 0.000668378
         641    0.988995 0.000785513
         642    0.988357 0.000693744
         643    0.989405 0.000658451
         644    0.988107 0.000546988
         645    0.988416  0.00078243
         646      0.9888 0.000774547
         647    0.988612 0.000708136
         648     0.98822 0.000730335
         649    0.988819 0.000779299
         650    0.988544 0.000685234
         651     0.98787 0.000630374
         652    0.987834 0.000722491
         653    0.987942 0.000743618
         654    0.988267 0.000714602
         655    0.988783 0.000662692
         656    0.988347 0.000643359
         657    0.988883  0.00072034
         658    0.988548  0.00066269
         659    0.988992 0.000689615
         660    0.988812 0.000804821
         661     0.98817 0.000627365
         662    0.988403 0.000679665
         663    0.988057 0.000727166
         664    0.988232 0.000648658
         665    0.987357 0.000673073
         666      0.9884 0.000697302
         667     0.98881 0.000634363
         668    0.987681 0.000665897
         669    0.988533 0.000709929
         670    0.987766 0.000615644
         671    0.989204 0.000638696
         672    0.986902 0.000648072
         673    0.987583 0.000694551
         674    0.988133 0.000664113
         675    0.987903 0.000675047
         676    0.988424 0.000677112
         677    0.989151  0.00067091
         678    0.987323 0.000636598
         679    0.989053 0.000658646
         680    0.988869 0.000715864
         681     0.98701 0.000631806
         682    0.988092 0.000624652
         683     0.98805 0.000612248
         684    0.987821 0.000612709
         685    0.987954  0.00060701
         686    0.987935 0.000633158
         687    0.987145 0.000582167
         688    0.986966 0.000637046
         689    0.986708 0.000676366
         690    0.988198 0.000644525
         691    0.987126 0.000703189
         692    0.988379 0.000593408
         693    0.987503 0.000587459
         694    0.988215 0.000677157
         695    0.987839 0.000662493
         696    0.987457 0.000681423
         697    0.986175 0.000629172
         698    0.988661 0.000602223
         699    0.986709  0.00066639
         700    0.986951 0.000681168
         701    0.987769 0.000605766
         702    0.987022 0.000608501
         703    0.988756 0.000660694
         704    0.987168 0.000604619
         705     0.98632 0.000615137
         706    0.987058 0.000594879
         707    0.987743 0.000611448
         708     0.98687 0.000672274
         709    0.987637 0.000610482
         710    0.988246 0.000549707
         711    0.986873 0.000676566
         712    0.987335 0.000648623
         713    0.986334 0.000619188
         714    0.986705 0.000631717
         715    0.986621 0.000577184
         716    0.987914  0.00061053
         717    0.986938 0.000686339
         718    0.986935  0.00061828
         719    0.987538 0.000640857
         720    0.987846 0.000604351
         721    0.986898 0.000661656
         722    0.987018 0.000609813
         723    0.987433 0.000607185
         724    0.985659 0.000618238
         725    0.988821 0.000596231
         726    0.988251 0.000563964
         727    0.987078 0.000542701
         728    0.986706 0.000632128
         729    0.987019 0.000591041
         730    0.986874 0.000579091
         731    0.987444 0.000671776
         732    0.987858 0.000560905
         733     0.98666 0.000677236
         734    0.986193 0.000611038
         735    0.985734 0.000590095
         736     0.98698  0.00067183
         737    0.987147 0.000604496
         738    0.987585 0.000644447
         739    0.985995  0.00067204
         740    0.986882 0.000600364
         741    0.986782 0.000634186
         742    0.987153 0.000615401
         743    0.985811 0.000637307
         744    0.987205 0.000576677
         745    0.986017 0.000559798
         746    0.987588 0.000646747
         747    0.986657 0.000631433
         748    0.987296 0.000575195
         749    0.985776 0.000643299
         750     0.98701 0.000656572
         751     0.98547 0.000589054
         752    0.986229 0.000663184
         753    0.987347  0.00061028
         754    0.986079 0.000609632
         755    0.986947 0.000619026
         756    0.986714 0.000644671
         757    0.985816 0.000631874
         758    0.987678 0.000614727
         759    0.986721  0.00057673
         760    0.987266 0.000584524
         761    0.986479 0.000597791
         762    0.985961 0.000591918
         763    0.986704 0.000630646
         764    0.985919 0.000539387
         765    0.986402 0.000655825
         766    0.986019 0.000499677
         767    0.986614 0.000493179
         768    0.986858 0.000561324
         769    0.986307 0.000561874
         770    0.986388 0.000552218
         771    0.987167 0.000608339
         772    0.987133 0.000584575
         773    0.986365 0.000597148
         774    0.986911 0.000588602
         775    0.986071 0.000522183
         776    0.985995 0.000566185
         777    0.986903  0.00065917
         778    0.986727 0.000533084
         779    0.986044  0.00054789
         780      0.9861 0.000585556
         781    0.986232 0.000496863
         782    0.987206 0.000546156
         783    0.986599 0.000583716
         784    0.985583 0.000517068
         785    0.986776 0.000575373
         786    0.986509 0.000574502
         787    0.985795 0.000560532
         788    0.986016 0.000523256
         789    0.987239 0.000590616
         790    0.986751 0.000578396
         791    0.987092 0.000559956
         792    0.986608  0.00053793
         793    0.985277 0.000564811
         794    0.986341 0.000563748
         795    0.986825 0.000537084
         796    0.985324 0.000539058
         797    0.986717 0.000508813
         798    0.986393 0.000551883
         799     0.98518    0.000603
         800    0.985983 0.000527576
         801     0.98649   0.0005145
         802    0.986859   0.0004988
         803    0.986736 0.000584407
         804     0.98752 0.000455032
         805     0.98677 0.000500532
         806    0.985854 0.000542777
         807    0.985604 0.000543028
         808    0.986378 0.000594062
         809    0.987009 0.000550757
         810    0.985491 0.000522016
         811    0.985605  0.00044435
         812    0.986798 0.000533548
         813    0.986855 0.000535461
         814    0.985876 0.000558191
         815    0.985581 0.000575825
         816    0.986287 0.000507659
         817    0.986408  0.00053719
         818    0.986475 0.000583909
         819    0.986098 0.000527584
         820    0.986274 0.000597101
         821    0.986656 0.000545792
         822    0.986154 0.000606338
         823    0.986672 0.000554713
         824    0.986364 0.000583352
         825    0.987143 0.000583093
         826    0.985764  0.00053501
         827     0.98696 0.000586711
         828    0.985992 0.000549739
         829    0.986524 0.000566663
         830    0.985124 0.000545561
         831    0.987224 0.000520364
         832    0.985769 0.000530145
         833    0.986313 0.000529345
         834    0.985823 0.000549779
         835    0.986087 0.000467137
         836    0.985929 0.000492277
         837    0.985993 0.000538401
         838     0.98714  0.00050435
         839    0.986981 0.000503487
         840    0.986006 0.000581363
         841    0.986191 0.000562587
         842     0.98598 0.000495506
         843    0.986078 0.000581434
         844    0.986536 0.000524449
         845    0.986375 0.000661664
         846    0.985815 0.000515239
         847    0.985526 0.000568175
         848    0.985648 0.000567895
         849    0.985915 0.000518019
         850      0.9852 0.000434939
         851     0.98641 0.000523942
         852    0.985446 0.000566574
         853    0.985625 0.000516821
         854    0.986235 0.000554627
         855    0.986473 0.000511021
         856    0.984179 0.000501961
         857    0.986387 0.000550783
         858    0.987118 0.000477921
         859    0.986629 0.000506549
         860    0.986733 0.000550664
         861    0.986406 0.000518582
         862     0.98635 0.000502547
         863    0.985927 0.000519489
         864    0.987039 0.000505773
         865    0.987074 0.000506842
         866    0.986485 0.000550328
         867    0.985816 0.000514843
         868     0.98621  0.00053321
         869    0.985858 0.000496863
         870    0.986538 0.000555396
         871    0.985978 0.000548404
         872    0.987171 0.000518339
         873    0.985014 0.000444965
         874    0.984996 0.000529566
         875     0.98568 0.000424271
         876    0.986035 0.000489325
         877    0.985847 0.000441297
         878    0.986642 0.000524508
         879     0.98716 0.000477308
         880    0.986194 0.000502087
         881    0.986351 0.000451877
         882     0.98629 0.000482104
         883    0.986477 0.000548765
         884    0.986516 0.000473102
         885    0.985861  0.00050367
         886    0.984963 0.000505173
         887    0.986801 0.000402131
         888    0.986566 0.000455977
         889    0.986453 0.000521333
         890    0.986519 0.000422474
         891    0.985065 0.000531443
         892    0.985342   0.0004305
         893     0.98601 0.000536134
         894    0.986741 0.000484921
         895      0.9859  0.00049889
         896    0.985838 0.000522443
         897    0.985479 0.000495776
         898    0.986438 0.000512102
         899    0.985599 0.000479024
         900    0.986269 0.000540687
         901     0.98628 0.000484971
         902    0.985599 0.000460362
         903    0.985913 0.000491586
         904    0.984955 0.000474441
         905     0.98571 0.000470813
         906    0.985515 0.000438969
         907     0.98572 0.000424715
         908    0.985575 0.000509754
         909    0.986111 0.000520074
         910    0.986987 0.000521443
         911    0.985675 0.000542042
         912    0.985844 0.000492406
         913    0.986515 0.000547663
         914     0.98546 0.000515652
         915    0.986392 0.000464108
         916    0.985873 0.000506734
         917    0.985469 0.000482806
         918    0.986043 0.000526128
         919    0.986298 0.000478305
         920    0.986428 0.000519757
         921     0.98614 0.000404065
         922    0.986139 0.000499007
         923    0.986152 0.000480096
         924    0.985023 0.000410812
         925    0.986007  0.00049328
         926    0.985561 0.000483635
         927    0.984943 0.000485854
         928    0.986374 0.000444734
         929     0.98607 0.000449004
         930    0.985779 0.000499228
         931     0.98582 0.000454762
         932    0.986369 0.000447727
         933    0.985656 0.000503062
         934    0.985702 0.000505076
         935    0.985785 0.000497573
         936    0.985522 0.000453149
         937    0.986904 0.000428892
         938    0.985278 0.000508091
         939    0.985303 0.000464738
         940    0.985685 0.000482484
         941    0.986811  0.00049194
         942     0.98657 0.000476821
         943     0.98635 0.000439404
         944    0.986356 0.000431375
         945    0.985946 0.000448205
         946    0.986686 0.000456691
         947    0.984974 0.000450294
         948    0.986786  0.00047027
         949    0.986489  0.00044496
         950    0.985075 0.000442848
         951    0.985845 0.000519116
         952    0.985531 0.000472115
         953    0.985599   0.0005044
         954    0.986039 0.000476247
         955    0.985793 0.000515125
         956    0.986099 0.000465708
         957    0.985954 0.000477069
         958    0.985677 0.000447923
         959     0.98555 0.000548667
         960    0.985591 0.000461098
         961    0.985767 0.000470871
         962    0.985982 0.000475396
         963    0.985806 0.000473702
         964    0.985726 0.000453461
         965    0.986221 0.000508893
         966    0.986462 0.000448863
         967     0.98655 0.000459355
         968    0.985831 0.000436896
         969    0.986507 0.000455236
         970    0.985598 0.000419639
         971    0.986226 0.000451439
         972    0.986649 0.000479501
         973    0.986175 0.000544784
         974    0.985991 0.000463899
         975    0.985622 0.000474839
         976    0.985848 0.000470058
         977    0.986056 0.000441299
         978    0.985277 0.000408538
         979     0.98597 0.000431429
         980    0.985743 0.000461065
         981    0.986234 0.000445797
         982    0.986401 0.000535097
         983    0.986455 0.000481951
         984    0.986019 0.000510021
         985     0.98498 0.000436871
         986    0.985517 0.000432445
         987    0.985511 0.000459387
         988    0.985818 0.000485012
         989    0.986034 0.000540066
         990    0.985294 0.000461856
         991    0.985292 0.000431458
         992    0.986112 0.000449348
         993    0.985427 0.000387923
         994     0.98585 0.000410819
         995     0.98635 0.000445583
         996    0.985545 0.000498396
         997    0.985663 0.000460455
         998    0.985263  0.00045813
         999    0.986275 0.000460864
