# BEST DISTANCE:
     0         26.0002
     1         22.0173
     2         22.0173
     3         20.6863
     4         19.3009
     5         18.0893
     6         16.1428
     7         15.6431
     8         15.2094
     9         14.4427
    10         14.0545
    11         12.6772
    12         12.6772
    13         11.8099
    14         11.7943
    15         11.7626
    16         9.78322
    17         9.40505
    18         9.40505
    19          9.3425
    20         9.03968
    21         8.98019
    22         8.91157
    23         8.98233
    24         8.99519
    25         8.68487
    26          8.3169
    27         8.86808
    28           8.451
    29         8.51507
    30         8.58122
    31         8.44492
    32         8.32082
    33         8.44817
    34         8.12784
    35         8.07509
    36         6.65764
    37         6.65764
    38         6.65764
    39         6.61292
    40         6.47055
    41         6.47055
    42         6.47055
    43         6.47055
    44         6.33864
    45         6.47055
    46         6.48858
    47         6.46313
    48         6.46313
    49         6.38816
    50         6.46313
    51         6.42427
    52         6.46313
    53         6.40908
    54          6.3625
    55         6.31288
    56         6.36167
    57         6.27604
    58         6.33864
    59         6.31977
    60         6.31977
    61         6.27604
    62         6.31296
    63         6.27505
    64         6.27358
    65         6.27358
    66         6.22886
    67         6.26579
    68         6.23132
    69         6.23132
    70         6.27358
    71         6.26825
    72         6.26825
    73         6.23132
    74         6.27604
    75         6.27358
    76         6.27358
    77         6.26825
    78         6.27358
    79         6.27358
    80         6.26825
    81         6.23132
    82         6.23132
    83         6.22886
    84         6.22886
    85         6.23132
    86         6.23132
    87         6.22886
    88         6.23132
    89         6.22886
    90         6.27358
    91         6.27358
    92         6.27358
    93         6.23132
    94         6.23132
    95         6.27358
    96         6.22886
    97         6.27358
    98         6.22886
    99         6.22886
   100         6.27358
   101         6.23132
   102         6.22886
   103         6.23132
   104         6.22886
   105         6.22886
   106         6.22886
   107         6.22886
   108         6.26334
   109         6.22886
   110         6.22886
   111         6.24935
   112         6.24935
   113         6.23132
   114         6.24935
   115         6.23132
   116         6.27358
   117         6.22886
   118         6.27358
   119          6.2658
   120         6.23132
   121         6.22886
   122         6.27358
   123         6.27604
   124         6.22886
   125         6.23132
   126         6.22886
   127         6.23132
   128         6.23132
   129         6.22886
   130         6.23132
   131         6.23132
   132         6.22886
   133         6.23132
   134         6.22886
   135         6.22886
   136         6.22886
   137         6.22886
   138         6.22886
   139         6.22886
   140         6.22886
   141         6.22886
   142         6.22886
   143         6.22886
   144         6.22886
   145         6.22886
   146         6.22886
   147         6.22886
   148         6.22886
   149         6.22886
   150         6.22886
   151         6.22886
   152         6.22886
   153         6.22886
   154         6.22886
   155         6.22886
   156         6.22886
   157         6.22886
   158         6.22886
   159         6.22886
   160         6.22886
   161         6.22886
   162         6.22886
   163         6.22886
   164         6.22886
   165         6.22886
   166         6.23132
   167         6.22886
   168         6.22886
   169         6.22886
   170         6.22886
   171         6.22886
   172         6.23132
   173         6.22886
   174         6.22886
   175         6.22886
   176         6.22886
   177         6.22886
   178         6.22886
   179         6.22886
   180         6.22886
   181         6.22886
   182         6.22886
   183         6.22886
   184         6.22886
   185         6.22886
   186         6.22886
   187         6.22886
   188         6.22886
   189         6.22886
   190         6.22886
   191         6.22886
   192         6.22886
   193         6.22886
   194         6.22886
   195         6.22886
   196         6.22886
   197         6.22886
   198         6.22886
   199         6.22886
   200         6.22886
   201         6.22886
   202         6.22886
   203         6.22886
   204         6.22886
   205         6.22886
   206         6.22886
   207         6.23132
   208         6.22886
   209         6.22886
   210         6.26334
   211         6.26579
   212         6.26579
   213         6.22886
   214         6.22886
   215         6.22886
   216         6.22886
   217         6.22886
   218         6.22886
   219         6.22886
   220         6.22886
   221         6.22886
   222         6.22886
   223         6.22886
   224         6.22886
   225         6.22886
   226         6.22886
   227         6.22886
   228         6.22886
   229         6.22886
   230         6.22886
   231         6.22886
   232         6.22886
   233         6.22886
   234         6.22886
   235         6.22886
   236         6.22886
   237         6.22886
   238         6.22886
   239         6.22886
   240         6.22886
   241         6.22886
   242         6.22886
   243         6.22886
   244         6.22886
   245         6.22886
   246         6.23132
   247         6.22886
   248         6.22886
   249         6.22886
   250         6.22886
   251         6.22886
   252         6.22886
   253         6.22886
   254         6.22886
   255         6.22886
   256         6.22886
   257         6.22886
   258         6.22886
   259         6.22886
   260         6.22886
   261         6.22886
   262         6.22886
   263         6.22886
   264         6.22886
   265         6.22886
   266         6.22886
   267         6.22886
   268         6.22886
   269         6.22886
   270         6.22886
   271         6.22886
   272         6.22886
   273         6.22886
   274         6.22886
   275         6.22886
   276         6.22886
   277         6.22886
   278         6.22886
   279         6.22886
   280         6.22886
   281         6.22886
   282         6.22886
   283         6.22886
   284         6.22886
   285         6.22886
   286         6.22886
   287         6.22886
   288         6.22886
   289         6.22886
   290         6.22886
   291         6.22886
   292         6.22886
   293         6.22886
   294         6.22886
   295         6.22886
   296         6.22886
   297         6.22886
   298         6.22886
   299         6.22886
   300         6.22886
   301         6.22886
   302         6.22886
   303         6.22886
   304         6.22886
   305         6.22886
   306         6.22886
   307         6.22886
   308         6.22886
   309         6.22886
   310         6.22886
   311         6.22886
   312         6.22886
   313         6.22886
   314         6.22886
   315         6.22886
   316         6.23132
   317         6.23132
   318         6.23132
   319         6.22886
   320         6.26579
   321         6.22886
   322         6.26825
   323         6.24689
   324         6.22886
   325         6.22886
   326         6.22886
   327         6.22886
   328         6.22886
   329         6.22886
   330         6.22886
   331         6.22886
   332         6.22886
   333         6.22886
   334         6.26579
   335         6.26579
   336         6.23132
   337         6.23132
   338         6.26825
   339         6.26825
   340         6.27358
   341         6.22886
   342         6.22886
   343         6.22886
   344         6.22886
   345         6.24689
   346         6.27358
   347         6.23132
   348         6.27358
   349         6.23132
   350         6.23132
   351         6.23132
   352         6.27358
   353         6.27358
   354         6.27358
   355         6.26825
   356         6.23132
   357         6.27358
   358         6.27358
   359         6.31195
   360         6.30027
   361         6.28628
   362         6.29068
   363         6.24935
   364         6.22886
   365         6.26334
   366         6.23132
   367         6.24689
   368         6.22886
   369         6.22886
   370         6.24935
   371         6.27358
   372         6.26334
   373         6.27358
   374         6.29407
   375         6.24935
   376         6.24935
   377         6.26825
   378         6.22886
   379         6.28382
   380         6.29642
   381         6.29888
   382         6.24689
   383         6.24935
   384         6.24935
   385         6.24935
   386         6.22886
   387         6.23132
   388         6.29146
   389         6.27358
   390         6.27839
   391         6.27604
   392         6.27604
   393         6.27604
   394         6.26579
   395         6.27358
   396         6.27358
   397         6.29161
   398         6.27358
   399         6.27358
   400         6.27358
   401         6.23132
   402         6.23132
   403         6.23132
   404         6.23132
   405         6.23132
   406         6.23132
   407         6.27604
   408         6.24935
   409         6.26334
   410         6.28137
   411         6.28137
   412         6.29146
   413         6.27358
   414         6.28085
   415         6.28085
   416         6.27358
   417         6.27358
   418         6.27358
   419         6.33864
   420          6.3354
   421         6.28085
   422         6.32839
   423          6.3378
   424         6.29161
   425         6.24689
   426         6.27505
   427         6.27358
   428         6.27358
   429         6.27358
   430         6.27358
   431         6.27604
   432         6.27358
   433         6.30806
   434         6.29642
   435         6.27358
   436         6.27358
   437          6.3105
   438         6.24689
   439         6.27265
   440         6.22886
   441         6.22886
   442         6.22886
   443         6.22886
   444         6.22886
   445         6.22886
   446         6.22886
   447         6.22886
   448         6.22886
   449         6.22886
   450         6.22886
   451         6.22886
   452         6.22886
   453         6.22886
   454         6.22886
   455         6.27504
   456         6.27504
   457         6.23132
   458         6.23132
   459         6.23132
   460         6.23132
   461         6.27265
   462         6.22886
   463         6.24689
   464         6.24689
   465         6.23132
   466         6.27265
   467         6.24935
   468         6.24689
   469         6.27358
   470         6.27358
   471         6.27358
   472         6.24689
   473         6.24935
   474         6.29068
   475         6.27265
   476         6.27265
   477          6.2658
   478         6.23132
   479         6.23132
   480         6.23132
   481         6.27265
   482         6.27265
   483         6.27504
   484         6.27504
   485         6.27265
   486         6.22886
   487         6.27505
   488         6.23132
   489         6.23132
   490         6.24689
   491         6.27505
   492         6.23132
   493         6.27358
   494         6.27358
   495         6.27358
   496         6.23132
   497         6.22886
   498         6.27505
   499         6.27505
