#		 BLOCK:	 ACTUAL_T:		 T_AVE:			 ERROR:
           1    0.771036    0.771036           0
           2    0.779072    0.775054   0.0028411
           3    0.779153     0.77642  0.00219822
           4    0.779396    0.777164   0.0017701
           5    0.779918    0.777715  0.00149933
           6    0.788262    0.779473  0.00203377
           7    0.768761    0.777943  0.00224636
           8    0.773375    0.777372  0.00203685
           9    0.780166    0.777682  0.00183405
          10    0.780274    0.777941  0.00166886
          11    0.782198    0.778328  0.00156136
          12    0.771239    0.777738  0.00153896
          13    0.778246    0.777777  0.00142108
          14    0.777362    0.777747  0.00131988
          15    0.780002    0.777897  0.00124042
          16    0.775389    0.777741  0.00117276
          17    0.774904    0.777574  0.00111557
          18    0.776316    0.777504  0.00105578
          19    0.781651    0.777722  0.00102253
          20    0.775709    0.777622  0.00097635
          21    0.772254    0.777366 0.000962732
          22    0.783741    0.777656 0.000961598
          23    0.771015    0.777367 0.000962164
          24    0.776206    0.777319  0.00092329
          25    0.778325    0.777359 0.000887235
          26    0.775495    0.777287 0.000856001
          27    0.780992    0.777424 0.000835225
          28    0.772758    0.777258 0.000821852
          29    0.783164    0.777461  0.00081836
          30    0.770874    0.777242 0.000820009
          31    0.780036    0.777332 0.000798496
          32    0.775162    0.777264 0.000776418
          33    0.782757    0.777431 0.000770525
          34    0.776518    0.777404 0.000748329
          35    0.771108    0.777224 0.000748258
          36    0.783732    0.777405 0.000748996
          37    0.773938    0.777311 0.000734588
          38    0.776051    0.777278 0.000716005
          39     0.78306    0.777426 0.000712833
          40    0.780761    0.777509 0.000699871
          41    0.771967    0.777374 0.000695734
          42    0.779494    0.777425 0.000680998
          43    0.776007    0.777392 0.000665958
          44    0.780792    0.777469 0.000655291
          45    0.776069    0.777438 0.000641467
          46    0.784067    0.777582 0.000643504
          47    0.777213    0.777574 0.000629861
          48    0.774858    0.777518 0.000619274
          49    0.762617    0.777214 0.000677197
          50    0.783269    0.777335 0.000674397
          51    0.785463    0.777494 0.000679747
          52    0.782174    0.777584 0.000672606
          53    0.767493    0.777394 0.000686336
          54    0.775687    0.777362 0.000674353
          55    0.779997     0.77741 0.000663792
          56    0.775102    0.777369 0.000653217
          57    0.782567     0.77746 0.000648093
          58    0.776149    0.777437 0.000637313
          59    0.779981     0.77748 0.000627968
          60    0.773759    0.777418 0.000620557
          61    0.779441    0.777452 0.000611269
          62    0.778969    0.777476 0.000601899
          63    0.783684    0.777575 0.000600357
          64    0.773932    0.777518 0.000593668
          65     0.78226    0.777591    0.000589
          66    0.776399    0.777573 0.000580353
          67    0.772856    0.777502 0.000575945
          68    0.778809    0.777521 0.000567796
          69    0.773587    0.777464 0.000562422
          70    0.779239     0.77749 0.000554959
          71    0.776702    0.777479 0.000547253
          72    0.780702    0.777523 0.000541481
          73    0.775085     0.77749 0.000535093
          74    0.785319    0.777596 0.000538219
          75    0.773963    0.777547 0.000533218
          76    0.777517    0.777547 0.000526202
          77    0.777864    0.777551 0.000519384
          78    0.782027    0.777608 0.000515886
          79    0.782182    0.777666 0.000512594
          80    0.779094    0.777684 0.000506498
          81    0.782253    0.777741 0.000503376
          82    0.775407    0.777712 0.000498041
          83    0.778123    0.777717 0.000492065
          84    0.778916    0.777731 0.000486414
          85     0.77689    0.777721 0.000480792
          86    0.777148    0.777715 0.000475248
          87    0.778463    0.777723 0.000469863
          88    0.777928    0.777726  0.00046453
          89    0.784196    0.777798 0.000464964
          90    0.775545    0.777773 0.000460471
          91    0.778284    0.777779 0.000455445
          92    0.773816    0.777736 0.000452527
          93    0.780617    0.777767  0.00044872
          94    0.771473      0.7777 0.000448914
          95    0.787564    0.777804 0.000456038
          96    0.776599    0.777791  0.00045146
          97    0.773794     0.77775 0.000448683
          98    0.779528    0.777768 0.000444471
          99    0.782938     0.77782 0.000443038
         100    0.772636    0.777769 0.000441631
         101    0.769795     0.77769 0.000444258
         102    0.786241    0.777773 0.000447744
         103     0.77183    0.777716   0.0004471
         104     0.77118    0.777653 0.000447195
         105    0.780284    0.777678 0.000443638
         106    0.777656    0.777678 0.000439452
         107    0.786106    0.777757 0.000442348
         108    0.773302    0.777715 0.000440171
         109    0.781447    0.777749 0.000437461
         110    0.776925    0.777742 0.000433549
         111    0.777955    0.777744 0.000429647
         112    0.781375    0.777776 0.000427032
         113    0.779198    0.777789 0.000423439
         114    0.781844    0.777824 0.000421215
         115    0.776095    0.777809 0.000417821
         116    0.779371    0.777823 0.000414436
         117     0.77999    0.777841 0.000411307
         118    0.781989    0.777877 0.000409321
         119    0.777085     0.77787 0.000405935
         120    0.773053     0.77783 0.000404532
         121    0.777542    0.777827 0.000401195
         122    0.785249    0.777888 0.000402492
         123    0.780276    0.777908 0.000399688
         124    0.768942    0.777835 0.000402952
         125    0.778533    0.777841 0.000399767
         126    0.774635    0.777815 0.000397403
         127    0.772983    0.777777 0.000396091
         128    0.775039    0.777756 0.000393574
         129    0.777922    0.777757 0.000390525
         130     0.77996    0.777774 0.000387889
         131     0.77876    0.777782 0.000385001
         132     0.77845    0.777787 0.000382117
         133    0.779591      0.7778 0.000379485
         134    0.781779     0.77783 0.000377812
         135    0.775548    0.777813 0.000375392
         136    0.779175    0.777823 0.000372765
         137    0.774647      0.7778 0.000370764
         138    0.778907    0.777808 0.000368165
         139    0.784827    0.777859 0.000368963
         140    0.773142    0.777825 0.000367862
         141    0.774956    0.777805 0.000365815
         142    0.781776    0.777832 0.000364307
         143    0.773018    0.777799 0.000363312
         144    0.781169    0.777822 0.000361542
         145    0.775346    0.777805 0.000359451
         146    0.776582    0.777797 0.000357087
         147    0.781577    0.777822 0.000355582
         148    0.775492    0.777807 0.000353528
         149    0.778215    0.777809 0.000351166
         150    0.773097    0.777778 0.000350228
         151    0.777369    0.777775 0.000347919
         152    0.783723    0.777814 0.000347823
         153    0.775082    0.777797 0.000346008
         154    0.781385     0.77782 0.000344545
         155    0.779203    0.777829 0.000342437
         156    0.768592     0.77777 0.000345324
         157    0.782889    0.777802  0.00034466
         158    0.779683    0.777814 0.000342684
         159    0.773973     0.77779  0.00034138
         160     0.78114    0.777811 0.000339887
         161    0.775351    0.777796  0.00033812
         162    0.778153    0.777798  0.00033604
         163      0.7805    0.777814 0.000334387
         164    0.780164    0.777829 0.000332654
         165    0.773761    0.777804  0.00033155
         166    0.775938    0.777793 0.000329744
         167    0.782932    0.777824 0.000329202
         168    0.774141    0.777802 0.000327971
         169    0.785004    0.777844 0.000328788
         170    0.772027     0.77781  0.00032863
         171    0.780208    0.777824 0.000327007
         172    0.778196    0.777826 0.000325113
         173    0.781646    0.777848 0.000323982
         174    0.767443    0.777789 0.000327593
         175    0.776661    0.777782 0.000325784
         176    0.779496    0.777792 0.000324079
         177    0.774935    0.777776 0.000322649
         178    0.782729    0.777804 0.000322034
         179    0.764207    0.777728 0.000329071
         180    0.774446    0.777709 0.000327747
         181    0.782015    0.777733 0.000326799
         182    0.776063    0.777724 0.000325132
         183    0.783295    0.777754 0.000324777
         184    0.774647    0.777738 0.000323451
         185    0.787848    0.777792 0.000326287
         186    0.776504    0.777785 0.000324606
         187    0.774489    0.777768 0.000323349
         188    0.776178    0.777759 0.000321739
         189    0.782344    0.777783  0.00032095
         190     0.78104    0.777801 0.000319719
         191    0.773491    0.777778  0.00031884
         192    0.780948    0.777795 0.000317606
         193    0.779152    0.777802 0.000316039
         194    0.776854    0.777797 0.000314447
         195    0.771192    0.777763 0.000314654
         196    0.784293    0.777796 0.000314807
         197    0.770018    0.777757 0.000315676
         198    0.785955    0.777798 0.000316785
         199    0.773039    0.777774 0.000316095
         200     0.77939    0.777782 0.000314618
         201    0.778572    0.777786 0.000313077
         202     0.77217    0.777758 0.000312759
         203    0.773818    0.777739  0.00031182
         204    0.783906    0.777769 0.000311754
         205    0.777586    0.777768 0.000310234
         206    0.776825    0.777764 0.000308762
         207    0.779903    0.777774 0.000307444
         208    0.771675    0.777745  0.00030736
         209    0.782326    0.777767  0.00030667
         210    0.784342    0.777798 0.000306805
         211    0.773315    0.777777 0.000306085
         212     0.78445    0.777808 0.000306256
         213    0.776469    0.777802 0.000304883
         214    0.776344    0.777795 0.000303534
         215    0.785156    0.777829 0.000304047
         216    0.773035    0.777807 0.000303448
         217    0.772747    0.777784 0.000302944
         218    0.782717    0.777806 0.000302399
         219    0.776147    0.777799 0.000301113
         220    0.775571    0.777789 0.000299914
         221    0.780817    0.777802  0.00029887
         222     0.77617    0.777795 0.000297614
         223    0.774281    0.777779 0.000296697
         224    0.779298    0.777786  0.00029545
         225    0.778267    0.777788 0.000294144
         226    0.776675    0.777783 0.000292884
         227      0.7831    0.777807 0.000292529
         228    0.765176    0.777751 0.000296445
         229    0.792343    0.777815 0.000301921
         230    0.770683    0.777784 0.000302196
         231    0.778205    0.777786 0.000300893
         232    0.780596    0.777798  0.00029984
         233    0.767131    0.777752 0.000302028
         234    0.787579    0.777794 0.000303643
         235    0.775044    0.777782 0.000302577
         236    0.780551    0.777794 0.000301522
         237     0.76782    0.777752 0.000303172
         238    0.777557    0.777751   0.0003019
         239    0.781797    0.777768 0.000301111
         240    0.771786    0.777743 0.000300886
         241     0.77722    0.777741 0.000299645
         242    0.775836    0.777733  0.00029851
         243    0.782449    0.777753 0.000297912
         244    0.773552    0.777735 0.000297188
         245    0.784332    0.777762 0.000297192
         246    0.778065    0.777764 0.000295987
         247    0.779971    0.777773 0.000294923
         248    0.776345    0.777767  0.00029379
         249    0.783408    0.777789 0.000293483
         250    0.775959    0.777782   0.0002924
         251    0.781895    0.777798 0.000291694
         252    0.780696     0.77781 0.000290763
         253    0.783932    0.777834 0.000290619
         254    0.776906    0.777831 0.000289498
         255    0.778482    0.777833 0.000288374
         256    0.776925     0.77783 0.000287269
         257    0.782249    0.777847 0.000286665
         258    0.776446    0.777841 0.000285606
         259    0.781092    0.777854 0.000284779
         260    0.781261    0.777867 0.000283985
         261     0.77861     0.77787 0.000282911
         262    0.774722    0.777858 0.000282086
         263    0.785985    0.777889 0.000282701
         264    0.774828    0.777877 0.000281868
         265     0.78021    0.777886 0.000280942
         266    0.779303    0.777891 0.000279936
         267     0.76984    0.777861 0.000280507
         268    0.784173    0.777885 0.000280447
         269    0.773636    0.777869 0.000279849
         270    0.778364    0.777871 0.000278819
         271    0.779526    0.777877 0.000277857
         272    0.779287    0.777882 0.000276884
         273    0.781655    0.777896 0.000276214
         274    0.775645    0.777888 0.000275328
         275    0.770634    0.777861 0.000275587
         276    0.776754    0.777857 0.000274618
         277    0.779998    0.777865 0.000273735
         278    0.772318    0.777845 0.000273477
         279    0.777102    0.777842  0.00027251
         280    0.779958     0.77785 0.000271641
         281    0.770442    0.777823 0.000271951
         282    0.783448    0.777843 0.000271717
         283    0.778108    0.777844 0.000270759
         284    0.773647     0.77783 0.000270208
         285    0.780496    0.777839 0.000269422
         286    0.775865    0.777832 0.000268568
         287    0.772108    0.777812 0.000268372
         288    0.786631    0.777843 0.000269182
         289    0.780303    0.777851 0.000268385
         290    0.772946    0.777834 0.000267992
         291    0.782136    0.777849 0.000267478
         292    0.780239    0.777857 0.000266687
         293    0.777403    0.777856 0.000265782
         294    0.780183    0.777864 0.000264996
         295    0.772778    0.777846 0.000264657
         296    0.775932     0.77784 0.000263842
         297    0.769788    0.777813 0.000264343
         298    0.780956    0.777823 0.000263667
         299    0.777001    0.777821 0.000262799
         300    0.785475    0.777846 0.000263159
