#		 BLOCK:	 ACTUAL_T:		 T_AVE:			 ERROR:
           1    0.776307    0.776307           0
           2    0.784211    0.780259   0.0027943
           3    0.784305    0.781608  0.00216391
           4    0.784631    0.782363  0.00174993
           5    0.785107    0.782912  0.00148347
           6      0.7948    0.784893  0.00219078
           7    0.775919    0.783611  0.00222151
           8    0.778245     0.78294  0.00204257
           9    0.791916    0.783938  0.00204464
          10    0.784061     0.78395  0.00184021
          11    0.772836     0.78294  0.00193048
          12    0.791723    0.783672  0.00190331
          13    0.783389     0.78365  0.00175702
          14    0.780023    0.783391  0.00165051
          15    0.786963    0.783629  0.00155756
          16    0.789479    0.783995  0.00150251
          17    0.781879     0.78387  0.00141927
          18    0.788459    0.784125  0.00136313
          19    0.784507    0.784145  0.00129153
          20    0.784147    0.784145  0.00122696
          21    0.767153    0.783336  0.00141032
          22    0.784222    0.783376  0.00134679
          23    0.782446    0.783336  0.00128884
          24    0.783589    0.783347  0.00123518
          25    0.782351    0.783307  0.00118642
          26    0.784275    0.783344  0.00114137
          27    0.779114    0.783187  0.00110979
          28    0.794021    0.783574   0.0011356
          29    0.771153    0.783146  0.00117445
          30    0.783358    0.783153  0.00113532
          31    0.786365    0.783257  0.00110342
          32    0.778687    0.783114  0.00107813
          33    0.782746    0.783103  0.00104552
          34    0.786442    0.783201  0.00101937
          35    0.775653    0.782985   0.0010128
          36    0.792605    0.783252  0.00101931
          37     0.77307    0.782977  0.00102824
          38    0.782779    0.782972   0.0010012
          39    0.783582    0.782988 0.000975647
          40    0.785162    0.783042 0.000952769
          41    0.779909    0.782966  0.00093259
          42    0.783569     0.78298 0.000910496
          43    0.790152    0.783147 0.000904471
          44     0.78099    0.783098 0.000885242
          45    0.789283    0.783235 0.000876177
          46    0.780393    0.783173 0.000859306
          47    0.787517    0.783266 0.000845977
          48    0.781868    0.783237 0.000828854
          49    0.779946     0.78317 0.000814655
          50    0.785978    0.783226 0.000800296
          51    0.786686    0.783294 0.000787475
          52    0.781233    0.783254 0.000773328
          53    0.793145    0.783441 0.000780929
          54      0.7753     0.78329 0.000780883
          55    0.783378    0.783291 0.000766687
          56     0.78824     0.78338 0.000758072
          57    0.778694    0.783298 0.000749217
          58    0.784213    0.783313 0.000736466
          59    0.780803    0.783271 0.000725211
          60    0.787312    0.783338 0.000716245
          61    0.786308    0.783387 0.000706156
          62    0.781525    0.783357 0.000695404
          63    0.778759    0.783284 0.000688184
          64    0.782799    0.783276 0.000677473
          65    0.778618    0.783205  0.00067083
          66    0.791181    0.783325 0.000671463
          67    0.772402    0.783162 0.000680947
          68    0.790598    0.783272 0.000679657
          69    0.776159    0.783169 0.000677579
          70    0.790455    0.783273 0.000675848
          71     0.78879     0.78335 0.000670781
          72    0.780183    0.783306 0.000662906
          73    0.781028    0.783275 0.000654559
          74    0.790987    0.783379 0.000653958
          75    0.777001    0.783294 0.000650745
          76    0.789438    0.783375 0.000647184
          77    0.779144     0.78332 0.000641107
          78    0.784191    0.783331 0.000632985
          79    0.768632    0.783145 0.000651748
          80    0.785388    0.783173 0.000644204
          81     0.78519    0.783198 0.000636732
          82    0.782967    0.783196 0.000628973
          83    0.777153    0.783123 0.000625594
          84    0.783022    0.783122 0.000618148
          85    0.784698     0.78314 0.000611154
          86      0.7834    0.783143 0.000604055
          87    0.783839    0.783151 0.000597164
          88    0.777127    0.783083  0.00059429
          89    0.779174    0.783039 0.000589233
          90    0.796516    0.783188 0.000601414
          91    0.775235    0.783101 0.000601122
          92    0.785888    0.783131 0.000595351
          93    0.783577    0.783136 0.000588969
          94    0.782573     0.78313 0.000582734
          95    0.789542    0.783198 0.000580495
          96    0.776958    0.783133 0.000578075
          97    0.789202    0.783195 0.000575492
          98    0.781315    0.783176 0.000569939
          99    0.784979    0.783194 0.000564473
         100    0.782925    0.783192 0.000558835
         101    0.788038     0.78324 0.000555358
         102     0.77457    0.783155  0.00055638
         103    0.790464    0.783226 0.000555486
         104    0.779961    0.783194 0.000551031
         105    0.785927     0.78322 0.000546398
         106    0.784976    0.783237 0.000541494
         107    0.777373    0.783182 0.000539199
         108    0.774838    0.783105 0.000539713
         109    0.779347     0.78307 0.000535861
         110    0.795939    0.783187 0.000543611
         111    0.774991    0.783113 0.000543705
         112      0.7867    0.783145 0.000539793
         113    0.787342    0.783183 0.000536293
         114    0.781156    0.783165 0.000531883
         115    0.780401    0.783141 0.000527801
         116    0.779708    0.783111 0.000524079
         117    0.785052    0.783128 0.000519862
         118    0.788945    0.783177 0.000517789
         119    0.785219    0.783194 0.000513722
         120    0.780002    0.783168  0.00051013
         121    0.783793    0.783173  0.00050594
         122    0.788064    0.783213 0.000503379
         123    0.785775    0.783234 0.000499717
         124    0.780083    0.783208 0.000496333
         125    0.788099    0.783247 0.000493902
         126    0.783556     0.78325 0.000489988
         127    0.781095    0.783233 0.000486424
         128     0.78912    0.783279 0.000484793
         129    0.782276    0.783271 0.000481097
         130    0.784755    0.783282 0.000477532
         131    0.790441    0.783337 0.000477003
         132    0.776304    0.783284 0.000476356
         133    0.782441    0.783278 0.000472816
         134    0.777894    0.783237 0.000470992
         135    0.788072    0.783273 0.000468863
         136    0.782754    0.783269 0.000465431
         137    0.786691    0.783294 0.000462703
         138    0.775589    0.783238 0.000462707
         139    0.786223     0.78326 0.000459876
         140    0.778786    0.783228   0.0004577
         141    0.786925    0.783254 0.000455205
         142    0.781163    0.783239 0.000452237
         143    0.788966     0.78328 0.000450844
         144    0.782853    0.783277 0.000447723
         145     0.77634    0.783229 0.000447184
         146    0.784465    0.783237 0.000444201
         147    0.784323    0.783245  0.00044124
         148    0.778754    0.783214 0.000439301
         149    0.783707    0.783218 0.000436365
         150    0.775767    0.783168 0.000436274
         151    0.788831    0.783205 0.000434994
         152    0.789741    0.783248 0.000434252
         153    0.776205    0.783202 0.000433847
         154    0.788789    0.783239 0.000432544
         155    0.781219    0.783226  0.00042995
         156    0.783039    0.783224 0.000427195
         157    0.790275    0.783269 0.000426828
         158    0.778958    0.783242 0.000424998
         159    0.785453    0.783256 0.000422553
         160    0.781067    0.783242 0.000420133
         161    0.784917    0.783253 0.000417652
         162    0.787759     0.78328 0.000415999
         163    0.774381    0.783226 0.000417014
         164    0.778082    0.783195 0.000415649
         165    0.779336    0.783171 0.000413788
         166    0.784949    0.783182 0.000411433
         167    0.787906     0.78321 0.000409941
         168    0.783441    0.783211 0.000407503
         169    0.784155    0.783217  0.00040513
         170    0.781107    0.783205 0.000402937
         171    0.786861    0.783226 0.000401148
         172    0.782398    0.783221 0.000398845
         173    0.778822    0.783196 0.000397349
         174    0.776928     0.78316 0.000396695
         175    0.787964    0.783187 0.000395376
         176    0.782871    0.783185 0.000393134
         177    0.785172    0.783197 0.000391073
         178    0.781015    0.783184 0.000389068
         179    0.786973    0.783206  0.00038747
         180    0.782933    0.783204  0.00038532
         181    0.781485    0.783195 0.000383308
         182    0.787689    0.783219 0.000381997
         183    0.783601    0.783221 0.000379915
         184    0.791013    0.783264 0.000380203
         185      0.7769    0.783229 0.000379701
         186    0.789521    0.783263 0.000379163
         187    0.789256    0.783295 0.000378488
         188    0.780315    0.783279 0.000376806
         189    0.786003    0.783294 0.000375088
         190     0.78322    0.783293 0.000373114
         191    0.783841    0.783296 0.000371172
         192    0.777423    0.783266 0.000370497
         193    0.782609    0.783262 0.000368593
         194    0.782738     0.78326 0.000366702
         195    0.791408    0.783301 0.000367195
         196    0.781505    0.783292 0.000365436
         197    0.781411    0.783283 0.000363706
         198    0.777442    0.783253 0.000363063
         199    0.786985    0.783272 0.000361723
         200    0.789044    0.783301 0.000361063
         201    0.780511    0.783287 0.000359534
         202    0.785881      0.7833 0.000357983
         203    0.781294     0.78329 0.000356356
         204    0.791874    0.783332 0.000357085
         205    0.782958     0.78333 0.000355347
         206    0.781613    0.783322  0.00035372
         207    0.784007    0.783325 0.000352027
         208    0.775466    0.783287 0.000352356
         209    0.782037    0.783281 0.000350721
         210    0.784678    0.783288 0.000349114
         211    0.787274    0.783307  0.00034797
         212    0.783763    0.783309 0.000346336
         213    0.781474      0.7833 0.000344817
         214    0.789557     0.78333 0.000344443
         215    0.778336    0.783306 0.000343623
         216    0.779596    0.783289 0.000342461
         217    0.785345    0.783299 0.000341014
         218    0.777558    0.783272 0.000340465
         219    0.790077    0.783303 0.000340325
         220    0.788775    0.783328 0.000339686
         221     0.77881    0.783308 0.000338763
         222    0.785238    0.783316 0.000337349
         223     0.79836    0.783384 0.000342515
         224    0.773538     0.78334 0.000343794
         225    0.782226    0.783335 0.000342302
         226    0.788979     0.78336 0.000341697
         227     0.78412    0.783363 0.000340208
         228    0.786005    0.783375 0.000338913
         229    0.777102    0.783348 0.000338538
         230    0.781557     0.78334 0.000337156
         231    0.784811    0.783346 0.000335757
         232    0.786464     0.78336 0.000334578
         233    0.789309    0.783385 0.000334115
         234    0.778051    0.783362 0.000333464
         235     0.78714    0.783378 0.000332432
         236    0.773956    0.783338 0.000333413
         237    0.789285    0.783364 0.000332948
         238    0.786764    0.783378 0.000331856
         239    0.783811     0.78338 0.000330472
         240    0.781758    0.783373 0.000329164
         241    0.785372    0.783381 0.000327903
         242    0.787683    0.783399  0.00032703
         243    0.775864    0.783368  0.00032715
         244    0.781734    0.783361 0.000325878
         245    0.789808    0.783388 0.000325609
         246    0.775279    0.783355 0.000325949
         247    0.787156     0.78337 0.000324993
         248    0.780848     0.78336 0.000323841
         249    0.783127    0.783359 0.000322542
         250    0.786999    0.783373  0.00032158
         251    0.786008    0.783384 0.000320471
         252    0.777624    0.783361 0.000320013
         253    0.783834    0.783363 0.000318754
         254    0.776275    0.783335 0.000318718
         255    0.790332    0.783363 0.000318647
         256    0.780219     0.78335 0.000317639
         257    0.782586    0.783347 0.000316417
         258    0.787367    0.783363 0.000315574
         259     0.77358    0.783325 0.000316608
         260    0.792489     0.78336 0.000317346
         261    0.784928    0.783366 0.000316187
         262    0.780694    0.783356 0.000315145
         263     0.77866    0.783338 0.000314452
         264    0.785471    0.783346 0.000313364
         265    0.780002    0.783334 0.000312436
         266    0.788843    0.783354 0.000311947
         267    0.779087    0.783338 0.000311188
         268    0.785709    0.783347 0.000310153
         269    0.788934    0.783368 0.000309694
         270    0.777566    0.783347 0.000309292
         271    0.784966    0.783353 0.000308208
         272    0.781581    0.783346 0.000307144
         273    0.772925    0.783308 0.000308382
         274     0.79438    0.783348 0.000309893
         275    0.780931    0.783339  0.00030889
         276    0.784691    0.783344  0.00030781
         277    0.781416    0.783337 0.000306777
         278    0.785425    0.783345 0.000305766
         279    0.785118    0.783351 0.000304736
         280     0.77842    0.783334 0.000304156
         281    0.782021    0.783329  0.00030311
         282    0.777832     0.78331 0.000302661
         283    0.784475    0.783314 0.000301619
         284    0.779241    0.783299 0.000300898
         285    0.785266    0.783306 0.000299921
         286    0.782914    0.783305 0.000298876
         287    0.780072    0.783294 0.000298047
         288    0.782646    0.783291  0.00029702
         289    0.782072    0.783287 0.000296022
         290    0.776484    0.783264  0.00029593
         291     0.78597    0.783273 0.000295059
         292    0.786005    0.783282 0.000294197
         293    0.780818    0.783274 0.000293313
         294    0.789924    0.783296 0.000293186
         295    0.775228    0.783269 0.000293465
         296     0.78517    0.783276 0.000292544
         297    0.790795    0.783301 0.000292653
         298    0.787994    0.783317 0.000292094
         299    0.783889    0.783319 0.000291124
         300    0.784788    0.783323 0.000290194
