#		 BLOCK:	 ACTUAL_T:		 T_AVE:			 ERROR:
           1    0.792129    0.792129           0
           2    0.799584    0.795857  0.00263594
           3    0.799847    0.797187  0.00206581
           4     0.80026    0.797955  0.00168617
           5    0.803211    0.799006  0.00164432
           6    0.802733    0.799627  0.00148296
           7     0.79349    0.798751  0.00150819
           8    0.800736    0.798999  0.00133993
           9    0.800947    0.799215  0.00120842
          10     0.80413    0.799707  0.00118331
          11     0.78568    0.798432  0.00162339
          12    0.807594    0.799195  0.00165797
          13    0.797042     0.79903  0.00153868
          14    0.804477    0.799419  0.00147716
          15    0.800285    0.799476  0.00137981
          16    0.795726    0.799242  0.00131333
          17    0.801565    0.799379  0.00124316
          18    0.795266     0.79915  0.00119491
          19    0.799833    0.799186  0.00113256
          20    0.808338    0.799644  0.00116471
          21    0.790987    0.799232  0.00117995
          22    0.801595    0.799339  0.00113119
          23    0.806034     0.79963  0.00111883
          24    0.796813    0.799513  0.00107835
          25    0.798015    0.799453  0.00103688
          26    0.795184    0.799289  0.00100991
          27    0.811924    0.799757  0.00107548
          28    0.794068    0.799553  0.00105609
          29    0.798202    0.799507   0.0010207
          30    0.795111     0.79936 0.000997137
          31     0.79957    0.799367 0.000964995
          32    0.800913    0.799415 0.000936047
          33    0.799054    0.799404 0.000907746
          34     0.80529    0.799577   0.0008974
          35    0.799617    0.799579 0.000871761
          36    0.793877     0.79942 0.000861814
          37    0.789695    0.799157 0.000877689
          38    0.799241     0.79916 0.000854594
          39    0.805223    0.799315 0.000846705
          40    0.798023    0.799283 0.000826154
          41    0.801392    0.799334 0.000807604
          42    0.794584    0.799221 0.000796254
          43    0.798434    0.799203 0.000777947
          44    0.798906    0.799196 0.000760296
          45    0.797848    0.799166  0.00074399
          46    0.799417    0.799172 0.000727836
          47    0.798659    0.799161 0.000712432
          48    0.807204    0.799328 0.000717025
          49    0.794643    0.799233 0.000708739
          50    0.807662    0.799401 0.000714332
          51    0.799651    0.799406 0.000700342
          52    0.802207     0.79946 0.000688942
          53    0.788792    0.799259 0.000704734
          54    0.803263    0.799333 0.000695574
          55     0.79449    0.799245 0.000688479
          56    0.796961    0.799204 0.000677392
          57    0.804064    0.799289 0.000670852
          58    0.793689    0.799193 0.000666197
          59     0.80492     0.79929 0.000661939
          60    0.805464    0.799393 0.000658858
          61     0.79862     0.79938 0.000648179
          62    0.796266     0.79933 0.000639667
          63     0.80014    0.799343 0.000629643
          64    0.792935    0.799242 0.000627715
          65    0.807788    0.799374 0.000631674
          66    0.796605    0.799332 0.000623495
          67    0.801953    0.799371 0.000615415
          68     0.79715    0.799338 0.000607231
          69    0.793392    0.799252 0.000604516
          70    0.804617    0.799329 0.000600719
          71    0.796637    0.799291 0.000593454
          72    0.796484    0.799252 0.000586491
          73    0.794736     0.79919  0.00058171
          74    0.800906    0.799213 0.000574311
          75    0.800041    0.799224 0.000566759
          76    0.794711    0.799165 0.000562405
          77    0.797621    0.799145 0.000555458
          78     0.80344      0.7992 0.000551059
          79    0.793551    0.799128 0.000548704
          80    0.802767    0.799174 0.000543727
          81    0.801132    0.799198 0.000537551
          82    0.798171    0.799186 0.000531142
          83    0.798586    0.799178 0.000524792
          84     0.80087    0.799198 0.000518931
          85    0.797556    0.799179 0.000513185
          86    0.805566    0.799253 0.000512564
          87    0.799135    0.799252 0.000506674
          88     0.80119    0.799274 0.000501395
          89    0.798427    0.799265 0.000495851
          90    0.797996     0.79925 0.000490542
          91    0.805348    0.799317 0.000489706
          92    0.801321    0.799339 0.000484867
          93    0.800029    0.799347  0.00047971
          94    0.804586    0.799402 0.000477834
          95    0.802796    0.799438 0.000474138
          96    0.797898    0.799422 0.000469471
          97    0.797925    0.799407 0.000464884
          98     0.78927    0.799303 0.000471507
          99    0.811775    0.799429 0.000483281
         100    0.792876    0.799364  0.00048287
         101    0.805741    0.799427   0.0004822
         102    0.799679    0.799429 0.000477479
         103    0.799952    0.799434  0.00047287
         104    0.804595    0.799484 0.000470919
         105    0.785241    0.799348 0.000485579
         106    0.804935    0.799401 0.000483849
         107    0.793358    0.799345 0.000482612
         108    0.810147    0.799445 0.000488398
         109    0.792162    0.799378 0.000488466
         110    0.801385    0.799396 0.000484366
         111    0.800547    0.799406 0.000480114
         112    0.799959    0.799411 0.000475852
         113    0.807192     0.79948 0.000476597
         114    0.797868    0.799466 0.000472626
         115    0.798856    0.799461 0.000468546
         116    0.791214     0.79939 0.000469869
         117     0.80621    0.799448 0.000469455
         118    0.792549    0.799389 0.000469103
         119     0.79535    0.799356 0.000466388
         120    0.799729    0.799359 0.000462511
         121    0.802762    0.799387 0.000459544
         122    0.798111    0.799376 0.000455896
         123    0.809145    0.799456 0.000459055
         124    0.799949     0.79946  0.00045537
         125    0.791539    0.799396 0.000456114
         126    0.800431    0.799405 0.000452568
         127    0.789765    0.799329 0.000455326
         128    0.802776    0.799356 0.000452564
         129    0.797331     0.79934 0.000449328
         130    0.797578    0.799326 0.000446076
         131    0.797495    0.799312  0.00044289
         132    0.800449    0.799321 0.000439618
         133    0.797549    0.799308 0.000436515
         134    0.802004    0.799328 0.000433721
         135    0.798688    0.799323 0.000430534
         136    0.797073    0.799306 0.000427686
         137    0.801655    0.799324 0.000424907
         138    0.796658    0.799304 0.000422267
         139    0.804151    0.799339 0.000420666
         140    0.796102    0.799316 0.000418296
         141    0.803184    0.799344 0.000416228
         142    0.795496    0.799316 0.000414178
         143    0.803437    0.799345 0.000412283
         144    0.798148    0.799337 0.000409503
         145    0.804876    0.799375 0.000408457
         146    0.798514    0.799369 0.000405702
         147    0.793635     0.79933 0.000404813
         148    0.799542    0.799332 0.000402081
         149    0.794563      0.7993 0.000400654
         150    0.814375      0.7994 0.000410394
         151    0.799027    0.799398 0.000407684
         152    0.797495    0.799385 0.000405194
         153    0.792431     0.79934 0.000405087
         154    0.800336    0.799346 0.000402508
         155    0.808222    0.799403 0.000403963
         156    0.800546    0.799411  0.00040144
         157    0.791535    0.799361 0.000402005
         158    0.805812    0.799401 0.000401529
         159    0.796421    0.799383 0.000399441
         160    0.795803     0.79936  0.00039757
         161    0.804478    0.799392  0.00039637
         162    0.803122    0.799415 0.000394591
         163    0.796963      0.7994 0.000392457
         164    0.801291    0.799412 0.000390233
         165    0.794919    0.799384 0.000388817
         166    0.795703    0.799362 0.000387106
         167     0.80327    0.799386 0.000385495
         168    0.789612    0.799327 0.000387565
         169    0.804909     0.79936 0.000386677
         170    0.798556    0.799356 0.000384431
         171    0.787059    0.799284 0.000388851
         172    0.807204     0.79933 0.000389307
         173    0.807584    0.799378  0.00038997
         174    0.791046     0.79933 0.000390657
         175    0.806463     0.79937 0.000390545
         176    0.795865    0.799351 0.000388834
         177    0.797657    0.799341 0.000386755
         178    0.795149    0.799317 0.000385298
         179    0.797687    0.799308 0.000383254
         180    0.804889    0.799339 0.000382376
         181    0.801551    0.799352 0.000380459
         182    0.796835    0.799338  0.00037862
         183    0.796281    0.799321 0.000376919
         184    0.797389     0.79931 0.000375017
         185    0.802697    0.799329 0.000373436
         186    0.783228    0.799242  0.00038133
         187     0.80485    0.799272 0.000380468
         188    0.792989    0.799239 0.000379909
         189     0.79732    0.799229 0.000378035
         190    0.799811    0.799232 0.000376058
         191    0.804246    0.799258 0.000375004
         192     0.79736    0.799248 0.000373181
         193     0.79683    0.799236 0.000371458
         194    0.794273     0.79921 0.000370423
         195    0.803347    0.799231  0.00036913
         196    0.797663    0.799223 0.000367334
         197    0.805325    0.799254 0.000366772
         198    0.797226    0.799244 0.000365063
         199    0.804046    0.799268 0.000364025
         200     0.79776    0.799261 0.000362283
         201    0.807898    0.799303  0.00036302
         202    0.802033    0.799317 0.000361475
         203    0.794444    0.799293  0.00036049
         204    0.805395    0.799323 0.000359962
         205    0.790602     0.79928 0.000360711
         206    0.804402    0.799305 0.000359816
         207    0.801047    0.799314 0.000358176
         208    0.795876    0.799297 0.000356835
         209    0.798701    0.799294 0.000355139
         210    0.797624    0.799286 0.000353537
         211     0.80779    0.799327 0.000354151
         212    0.798073    0.799321  0.00035253
         213    0.799826    0.799323 0.000350883
         214    0.792576    0.799292 0.000350657
         215    0.807562     0.79933  0.00035113
         216    0.797934    0.799324 0.000349564
         217    0.795298    0.799305 0.000348444
         218    0.803227    0.799323  0.00034731
         219    0.798848    0.799321 0.000345731
         220    0.798158    0.799316   0.0003442
         221    0.802677    0.799331 0.000342978
         222    0.796359    0.799317 0.000341695
         223    0.798745    0.799315 0.000340172
         224    0.795923      0.7993  0.00033899
         225    0.804526    0.799323 0.000338278
         226    0.795352    0.799305 0.000337238
         227    0.798401    0.799301 0.000335775
         228    0.791973    0.799269 0.000335838
         229    0.806062    0.799299 0.000335678
         230     0.78631    0.799242 0.000338936
         231     0.80248    0.799256 0.000337758
         232    0.801427    0.799266 0.000336432
         233    0.795182    0.799248 0.000335444
         234    0.798201    0.799244 0.000334041
         235    0.797229    0.799235 0.000332729
         236    0.796449    0.799223 0.000331529
         237    0.797865    0.799218  0.00033018
         238    0.800284    0.799222 0.000328823
         239    0.804884    0.799246 0.000328299
         240    0.792753    0.799219 0.000328044
         241    0.798742    0.799217 0.000326689
         242    0.799386    0.799217 0.000325339
         243    0.799182    0.799217 0.000324001
         244    0.799571    0.799219 0.000322676
         245    0.792198     0.79919 0.000322629
         246    0.805902    0.799217 0.000322469
         247    0.802608    0.799231 0.000321456
         248    0.798062    0.799226 0.000320194
         249    0.791331    0.799195 0.000320475
         250    0.794083    0.799174 0.000319844
         251    0.808049     0.79921 0.000320518
         252    0.794615    0.799191 0.000319765
         253    0.795976    0.799179 0.000318753
         254    0.800727    0.799185 0.000317557
         255    0.799025    0.799184 0.000316312
         256    0.798962    0.799183 0.000315077
         257    0.805397    0.799207 0.000314778
         258    0.795873    0.799195 0.000313823
         259    0.799763    0.799197 0.000312619
         260    0.794762     0.79918 0.000311882
         261    0.805357    0.799203 0.000311583
         262    0.796282    0.799192 0.000310594
         263    0.803077    0.799207 0.000309764
         264    0.795789    0.799194 0.000308861
         265    0.802095    0.799205 0.000307889
         266    0.796958    0.799197 0.000306848
         267    0.800938    0.799203 0.000305768
         268    0.798496      0.7992 0.000304638
         269    0.802566    0.799213 0.000303762
         270    0.793168    0.799191 0.000303461
         271    0.801182    0.799198  0.00030243
         272    0.799729      0.7992 0.000301325
         273    0.804199    0.799218 0.000300777
         274    0.793689    0.799198 0.000300355
         275     0.80808     0.79923 0.000300995
         276    0.789495    0.799195 0.000301964
         277    0.803068    0.799209 0.000301198
         278    0.790781    0.799179 0.000301636
         279     0.80618    0.799204 0.000301597
         280    0.791542    0.799176 0.000301759
         281    0.800614    0.799181 0.000300728
         282    0.797681    0.799176 0.000299709
         283    0.807998    0.799207 0.000300266
         284    0.793348    0.799187 0.000299917
         285    0.806115    0.799211 0.000299848
         286    0.805511    0.799233 0.000299608
         287    0.794996    0.799218 0.000298928
         288    0.799836     0.79922 0.000297897
         289    0.795154    0.799206 0.000297199
         290     0.80389    0.799222 0.000296612
         291    0.796319    0.799213 0.000295761
         292    0.802623    0.799224 0.000294978
         293    0.800566    0.799229 0.000294007
         294    0.794063    0.799211 0.000293532
         295    0.802356    0.799222  0.00029273
         296     0.78672     0.79918 0.000294772
         297    0.802333     0.79919 0.000293971
         298    0.797769    0.799185 0.000293023
         299    0.789113    0.799152 0.000293973
         300    0.795259    0.799139  0.00029328
