#		 BLOCK:	 ACTUAL_T:		 T_AVE:			 ERROR:
           1    0.802688    0.802688           0
           2    0.809812     0.80625  0.00251868
           3    0.810346    0.807615   0.0020155
           4    0.810862    0.808427  0.00166709
           5    0.816079    0.809957  0.00191111
           6    0.806914     0.80945  0.00165854
           7    0.807591    0.809184  0.00144272
           8    0.802843    0.808392  0.00146405
           9     0.81095    0.808676  0.00132869
          10    0.814565    0.809265   0.0013199
          11    0.804103    0.808796  0.00128063
          12    0.813657    0.809201  0.00123633
          13    0.806169    0.808968  0.00116302
          14    0.810888    0.809105  0.00108801
          15    0.809891    0.809157  0.00101674
          16    0.817857    0.809701   0.0010889
          17    0.797029    0.808955  0.00125431
          18      0.8164    0.809369  0.00125095
          19    0.810584    0.809433  0.00118674
          20    0.804353    0.809179  0.00115427
          21    0.813464    0.809383   0.0011172
          22    0.806566    0.809255  0.00107373
          23     0.81186    0.809368    0.001033
          24    0.803994    0.809144  0.00101394
          25    0.811674    0.809246 0.000978422
          26    0.806128    0.809126  0.00094811
          27    0.808402    0.809099 0.000913374
          28    0.805903    0.808985 0.000887858
          29    0.802274    0.808753 0.000886881
          30     0.82148    0.809178 0.000953399
          31    0.807516    0.809124  0.00092415
          32    0.803621    0.808952 0.000911131
          33    0.816749    0.809188 0.000913644
          34    0.805417    0.809077 0.000893477
          35    0.819373    0.809371  0.00091509
          36     0.80367    0.809213 0.000903272
          37    0.812998    0.809315 0.000884634
          38    0.812044    0.809387 0.000864264
          39    0.812714    0.809473 0.000846303
          40    0.804836    0.809357 0.000833048
          41    0.812321    0.809429  0.00081586
          42    0.813863    0.809534 0.000803238
          43    0.810625     0.80956 0.000784959
          44    0.808503    0.809536 0.000767486
          45    0.807375    0.809488 0.000751932
          46    0.807405    0.809443 0.000736948
          47    0.806007    0.809369 0.000724884
          48    0.814015    0.809466 0.000716214
          49    0.807854    0.809433 0.000702354
          50    0.811355    0.809472 0.000689357
          51    0.811311    0.809508 0.000676783
          52    0.811264    0.809542  0.00066461
          53    0.812004    0.809588 0.000653693
          54     0.80571    0.809516  0.00064552
          55    0.814564    0.809608 0.000640274
          56    0.814485    0.809695 0.000634736
          57    0.806825    0.809645 0.000625594
          58    0.815895    0.809752 0.000624021
          59    0.804685    0.809667 0.000619329
          60    0.807871    0.809637 0.000609729
          61    0.812762    0.809688 0.000601882
          62    0.812244    0.809729 0.000593585
          63    0.814132    0.809799 0.000588262
          64    0.802809     0.80969 0.000589123
          65    0.805352    0.809623 0.000583827
          66    0.805727    0.809564 0.000577958
          67    0.814026    0.809631 0.000573155
          68    0.815517    0.809717 0.000571227
          69    0.802437    0.809612 0.000572609
          70    0.801936    0.809502 0.000574832
          71    0.815819    0.809591 0.000573581
          72    0.808012    0.809569 0.000566033
          73    0.822824    0.809751 0.000586682
          74    0.797689    0.809588  0.00060097
          75    0.819797    0.809724 0.000608177
          76    0.808021    0.809701 0.000600587
          77    0.805187    0.809643 0.000595643
          78    0.812954    0.809685 0.000589517
          79    0.813495    0.809733 0.000584024
          80    0.809424     0.80973 0.000576736
          81    0.809445    0.809726 0.000569627
          82    0.812369    0.809758 0.000563591
          83     0.81177    0.809782 0.000557322
          84    0.808915    0.809772 0.000550783
          85    0.800199     0.80966   0.0005557
          86    0.815767    0.809731 0.000553757
          87    0.798665    0.809603 0.000561808
          88    0.805973    0.809562 0.000556937
          89    0.816487     0.80964 0.000556088
          90    0.816644    0.809718 0.000555328
          91    0.802223    0.809635   0.0005553
          92    0.812926    0.809671 0.000550415
          93    0.804496    0.809615 0.000547302
          94    0.815307    0.809676 0.000544818
          95    0.805806    0.809635 0.000540604
          96    0.814136    0.809682 0.000537002
          97    0.819851    0.809787 0.000541601
          98    0.802276     0.80971  0.00054147
          99    0.813675     0.80975  0.00053748
         100    0.814077    0.809794 0.000533844
         101    0.812484     0.80982 0.000529222
         102     0.80078    0.809732 0.000531404
         103    0.817394    0.809806 0.000531427
         104    0.809179      0.8098 0.000526351
         105    0.804897    0.809753 0.000523405
         106    0.796922    0.809632 0.000532282
         107    0.815134    0.809684 0.000529785
         108    0.807585    0.809664 0.000525236
         109    0.821276    0.809771 0.000531111
         110     0.80767    0.809752 0.000526625
         111    0.808075    0.809737 0.000522098
         112    0.811293    0.809751 0.000517621
         113    0.803705    0.809697 0.000515797
         114    0.815816    0.809751 0.000514058
         115    0.809081    0.809745 0.000509621
         116    0.808319    0.809733 0.000505376
         117    0.810379    0.809738 0.000501087
         118    0.813834    0.809773 0.000498041
         119    0.812938    0.809799 0.000494566
         120    0.811176    0.809811 0.000490577
         121    0.811348    0.809824 0.000486687
         122    0.807795    0.809807 0.000482982
         123    0.807213    0.809786 0.000479516
         124    0.805754    0.809753  0.00047675
         125    0.807604    0.809736 0.000473246
         126    0.815047    0.809778 0.000471363
         127    0.797321     0.80968 0.000477749
         128    0.816826    0.809736 0.000477267
         129    0.802898    0.809683 0.000476502
         130    0.811565    0.809698 0.000473057
         131    0.804819     0.80966 0.000470909
         132    0.813326    0.809688  0.00046816
         133    0.800696     0.80962 0.000469497
         134    0.814449    0.809656 0.000467374
         135    0.808036    0.809644 0.000464066
         136    0.810653    0.809652 0.000460713
         137    0.816979    0.809705 0.000460444
         138    0.802301    0.809652 0.000460223
         139    0.810576    0.809658  0.00045696
         140    0.812266    0.809677 0.000454076
         141    0.806076    0.809651 0.000451573
         142    0.812481    0.809671 0.000448833
         143    0.814569    0.809706 0.000446999
         144     0.80446    0.809669 0.000445376
         145    0.809546    0.809668 0.000442306
         146    0.804762    0.809635 0.000440551
         147    0.806428    0.809613 0.000438094
         148     0.80599    0.809588 0.000435817
         149    0.818261    0.809647 0.000436762
         150     0.80592    0.809622 0.000434556
         151    0.810907     0.80963 0.000431761
         152    0.812096    0.809647 0.000429225
         153     0.80643    0.809626 0.000426935
         154    0.808554    0.809619 0.000424219
         155    0.803804    0.809581 0.000423137
         156    0.814859    0.809615 0.000421776
         157    0.804706    0.809584 0.000420246
         158    0.817748    0.809635 0.000420752
         159    0.814897    0.809668 0.000419404
         160    0.802993    0.809627 0.000418853
         161     0.82147      0.8097 0.000422662
         162     0.80542    0.809674 0.000420878
         163    0.812229    0.809689 0.000418588
         164    0.808301    0.809681 0.000416121
         165    0.808839    0.809676 0.000413631
         166    0.816423    0.809717 0.000413131
         167    0.803574     0.80968 0.000412291
         168    0.813887    0.809705 0.000410597
         169    0.802417    0.809662 0.000410426
         170    0.805658    0.809638 0.000408687
         171    0.812098    0.809653  0.00040655
         172    0.807173    0.809638 0.000404441
         173    0.809758    0.809639 0.000402104
         174    0.805211    0.809613 0.000400598
         175    0.814483    0.809641 0.000399274
         176    0.804488    0.809612 0.000398078
         177    0.818875    0.809664 0.000399254
         178    0.805774    0.809642 0.000397609
         179    0.817498    0.809686 0.000397802
         180    0.802908    0.809649  0.00039737
         181    0.811472    0.809659 0.000395303
         182    0.812539    0.809675 0.000393447
         183    0.806368    0.809656 0.000391712
         184    0.814511    0.809683  0.00039047
         185    0.809199     0.80968 0.000388369
         186    0.809425    0.809679 0.000386283
         187    0.814891    0.809707 0.000385222
         188    0.805882    0.809686 0.000383709
         189    0.808777    0.809682 0.000381709
         190    0.815226    0.809711 0.000380814
         191    0.805995    0.809691 0.000379317
         192     0.80988    0.809692 0.000377343
         193    0.811141      0.8097 0.000375462
         194    0.816853    0.809737 0.000375333
         195    0.806574     0.80972 0.000373759
         196    0.815844    0.809752 0.000373155
         197    0.809742    0.809752 0.000371261
         198    0.816398    0.809785   0.0003709
         199    0.816082    0.809817 0.000370384
         200    0.805992    0.809798 0.000369025
         201    0.814087    0.809819 0.000367806
         202    0.805861    0.809799 0.000366507
         203     0.81456    0.809823 0.000365451
         204    0.808521    0.809817 0.000363715
         205    0.812176    0.809828 0.000362123
         206    0.810629    0.809832 0.000360386
         207    0.808227    0.809824 0.000358728
         208    0.813855    0.809844 0.000357527
         209    0.814363    0.809865 0.000356469
         210     0.80036     0.80982 0.000357634
         211    0.817282    0.809855 0.000357683
         212    0.801157    0.809814 0.000358342
         213    0.810188    0.809816 0.000356664
         214    0.816412    0.809847 0.000356326
         215    0.801309    0.809807 0.000356875
         216    0.812005    0.809817 0.000355368
         217    0.814394    0.809838 0.000354356
         218    0.812307     0.80985 0.000352911
         219    0.810938    0.809855 0.000351334
         220    0.813721    0.809872 0.000350177
         221    0.809653    0.809871 0.000348594
         222    0.814955    0.809894 0.000347775
         223    0.812663    0.809907 0.000346437
         224    0.799996    0.809862 0.000347704
         225    0.812159    0.809873 0.000346309
         226    0.802171    0.809838 0.000346449
         227     0.80578    0.809821 0.000345384
         228    0.803324    0.809792 0.000345042
         229    0.812989    0.809806 0.000343818
         230    0.813689    0.809823 0.000342737
         231    0.807574    0.809813 0.000341392
         232    0.804209    0.809789 0.000340774
         233    0.809412    0.809787 0.000339315
         234    0.811028    0.809793 0.000337906
         235     0.80979    0.809793 0.000336468
         236    0.810109    0.809794 0.000335045
         237    0.816876    0.809824 0.000334962
         238      0.8063    0.809809 0.000333881
         239    0.814552    0.809829 0.000333073
         240    0.810865    0.809833 0.000331714
         241    0.807965    0.809826 0.000330428
         242    0.814386    0.809844 0.000329599
         243    0.804233    0.809821 0.000329051
         244    0.813548    0.809837 0.000328056
         245    0.809129    0.809834  0.00032673
         246    0.805914    0.809818  0.00032579
         247    0.814986    0.809839 0.000325142
         248    0.805299     0.80982 0.000324346
         249     0.80214    0.809789 0.000324507
         250    0.817561    0.809821 0.000324694
         251     0.80866    0.809816 0.000323434
         252    0.813153    0.809829 0.000322421
         253    0.816162    0.809854 0.000322117
         254    0.804225    0.809832  0.00032161
         255    0.805252    0.809814  0.00032085
         256     0.80897    0.809811 0.000319614
         257    0.811956    0.809819 0.000318479
         258    0.807309    0.809809 0.000317393
         259    0.810836    0.809813 0.000316193
         260    0.806901    0.809802 0.000315175
         261    0.813764    0.809817 0.000314333
         262    0.810001    0.809818 0.000313134
         263    0.815505     0.80984 0.000312689
         264    0.807073    0.809829  0.00031168
         265    0.805575    0.809813 0.000310917
         266    0.814892    0.809832 0.000310334
         267    0.807252    0.809823 0.000309322
         268    0.813494    0.809836 0.000308471
         269    0.806138    0.809823  0.00030763
         270    0.810411    0.809825 0.000306499
         271    0.809057    0.809822 0.000305381
         272    0.808374    0.809817 0.000304305
         273    0.809153    0.809814   0.0003032
         274    0.810695    0.809817  0.00030211
         275    0.809827    0.809817 0.000301011
         276    0.804641    0.809799 0.000300505
         277    0.816524    0.809823 0.000300399
         278    0.806308     0.80981 0.000299584
         279    0.813819    0.809825 0.000298855
         280    0.805076    0.809808 0.000298268
         281    0.805163    0.809791 0.000297664
         282    0.807173    0.809782 0.000296754
         283    0.802907    0.809758 0.000296698
         284    0.816145     0.80978 0.000296504
         285    0.805087    0.809764 0.000295921
         286    0.814644    0.809781 0.000295378
         287    0.810272    0.809782 0.000294353
         288    0.808898    0.809779 0.000293347
         289    0.809471    0.809778 0.000292334
         290    0.811583    0.809784 0.000291392
         291    0.816288    0.809807 0.000291247
         292    0.808892    0.809804 0.000290266
         293    0.805885     0.80979 0.000289584
         294    0.814515    0.809806 0.000289044
         295    0.810676    0.809809  0.00028808
         296    0.805781    0.809796 0.000287428
         297    0.812245    0.809804 0.000286578
         298    0.813831    0.809817 0.000285935
         299    0.814379    0.809833 0.000285385
         300    0.811339    0.809838 0.000284478
