#		 BLOCK:	 ACTUAL_T:		 T_AVE:			 ERROR:
           1    0.813251    0.813251           0
           2    0.820015    0.816633  0.00239127
           3    0.820977    0.818081  0.00198478
           4    0.821827    0.819017   0.0016952
           5    0.827232     0.82066  0.00199963
           6    0.815425    0.819788  0.00184697
           7    0.820483    0.819887  0.00158579
           8    0.816817    0.819503  0.00143324
           9    0.820515    0.819616  0.00127839
          10    0.816955     0.81935  0.00117792
          11    0.822723    0.819656  0.00111004
          12    0.819419    0.819637  0.00101772
          13     0.81924    0.819606 0.000939888
          14    0.819019    0.819564 0.000873687
          15    0.826896    0.820053 0.000942295
          16    0.823785    0.820286 0.000911819
          17    0.820556    0.820302 0.000858321
          18    0.824115    0.820514 0.000836365
          19    0.828667    0.820943 0.000895685
          20    0.815689     0.82068 0.000888585
          21    0.821441    0.820717 0.000847009
          22     0.82022    0.820694 0.000808809
          23    0.824054     0.82084 0.000786728
          24    0.821198    0.820855 0.000754089
          25    0.826726     0.82109 0.000759609
          26    0.812522     0.82076 0.000798685
          27    0.826229    0.820963 0.000794373
          28    0.822703    0.821025 0.000768429
          29    0.821271    0.821033 0.000741979
          30    0.822522    0.821083 0.000718904
          31    0.820014    0.821049  0.00069654
          32    0.827822     0.82126 0.000706199
          33    0.812922    0.821008   0.0007286
          34    0.816495    0.820875 0.000719157
          35    0.822329    0.820916 0.000699809
          36    0.822895    0.820971 0.000682524
          37    0.823013    0.821027 0.000666303
          38    0.829408    0.821247   0.0006843
          39    0.805468    0.820843 0.000777217
          40    0.829001    0.821046 0.000784095
          41    0.813514    0.820863 0.000786202
          42    0.816668    0.820763 0.000773801
          43      0.8234    0.820824 0.000758231
          44    0.829749    0.821027  0.00076765
          45     0.81501    0.820893 0.000762146
          46    0.820477    0.820884 0.000745632
          47    0.815441    0.820768 0.000738707
          48     0.82686    0.820895 0.000734138
          49    0.810968    0.820693  0.00074659
          50    0.829745    0.820874 0.000753291
          51    0.823621    0.820928 0.000740444
          52    0.819085    0.820892 0.000727052
          53    0.828703     0.82104 0.000728118
          54    0.818058    0.820984 0.000716725
          55    0.829272    0.821135 0.000719358
          56    0.818796    0.821093 0.000707724
          57    0.819334    0.821062 0.000695981
          58    0.820959    0.821061 0.000683983
          59    0.824565     0.82112 0.000674965
          60    0.822653    0.821146 0.000664198
          61    0.817216    0.821081 0.000656427
          62    0.816289    0.821004 0.000650374
          63    0.822379    0.821026 0.000640417
          64    0.823227     0.82106 0.000631333
          65    0.817625    0.821007 0.000623828
          66    0.821999    0.821022 0.000614557
          67    0.819747    0.821003 0.000605679
          68    0.819374    0.820979 0.000597246
          69    0.819661     0.82096 0.000588896
          70    0.828286    0.821065  0.00058971
          71    0.812175     0.82094  0.00059455
          72    0.825666    0.821005 0.000589904
          73    0.823772    0.821043  0.00058304
          74    0.815543    0.820969 0.000579879
          75    0.823308       0.821 0.000572985
          76    0.820247     0.82099 0.000565532
          77    0.823727    0.821026 0.000559303
          78    0.814946    0.820948 0.000557537
          79     0.82169    0.820957 0.000550559
          80    0.824818    0.821005 0.000545788
          81    0.823447    0.821036 0.000539882
          82    0.812546    0.820932 0.000543134
          83    0.824252    0.820972  0.00053806
          84    0.826014    0.821032 0.000534992
          85     0.81983    0.821018 0.000528885
          86    0.821473    0.821023 0.000522761
          87    0.817983    0.820988 0.000517919
          88    0.816147    0.820933 0.000514947
          89    0.825757    0.820987 0.000512006
          90    0.809264    0.820857 0.000522625
          91     0.82633    0.820917 0.000520331
          92    0.828611    0.821001 0.000521352
          93    0.810624    0.820889 0.000527551
          94    0.821433    0.820895  0.00052197
          95    0.818177    0.820867 0.000517259
          96    0.817825    0.820835 0.000512841
          97    0.815382    0.820779 0.000510625
          98    0.824448    0.820816 0.000506785
          99    0.818357    0.820791 0.000502275
         100    0.819288    0.820776 0.000497477
         101     0.82737    0.820841 0.000496817
         102     0.81187    0.820754  0.00049967
         103    0.826672    0.820811 0.000498113
         104    0.821082    0.820814  0.00049333
         105    0.820506    0.820811  0.00048864
         106    0.823743    0.820838 0.000484813
         107    0.821606    0.820846 0.000480335
         108    0.817936    0.820819 0.000476642
         109    0.820114    0.820812 0.000472313
         110    0.833298    0.820926 0.000481466
         111    0.812654    0.820851  0.00048286
         112    0.818524     0.82083 0.000478996
         113    0.821776    0.820839  0.00047483
         114    0.819867     0.82083 0.000470741
         115    0.822225    0.820842 0.000466804
         116    0.818397    0.820821 0.000463256
         117     0.81792    0.820796 0.000459959
         118    0.823995    0.820824  0.00045686
         119    0.814641    0.820772 0.000455965
         120     0.82171    0.820779 0.000452232
         121    0.819979    0.820773 0.000448543
         122    0.816102    0.820734 0.000446497
         123    0.824229    0.820763  0.00044377
         124    0.824101     0.82079 0.000441007
         125    0.815535    0.820748 0.000439478
         126    0.829385    0.820816 0.000441304
         127    0.813337    0.820757 0.000441742
         128    0.821954    0.820767 0.000438389
         129    0.818334    0.820748 0.000435397
         130    0.820279    0.820744 0.000432062
         131    0.823765    0.820767 0.000429379
         132    0.821706    0.820775 0.000426185
         133    0.817081    0.820747 0.000423884
         134      0.8254    0.820781 0.000422141
         135    0.810022    0.820702 0.000426471
         136    0.832841    0.820791 0.000432575
         137    0.814807    0.820747 0.000431617
         138     0.82354    0.820768 0.000428963
         139    0.817589    0.820745 0.000426486
         140    0.824706    0.820773 0.000424377
         141    0.814004    0.820725 0.000424074
         142    0.823034    0.820741   0.0004214
         143    0.816054    0.820708 0.000419726
         144    0.827162    0.820753 0.000419197
         145    0.813278    0.820702 0.000419464
         146    0.823538    0.820721 0.000417041
         147    0.820853    0.820722 0.000414204
         148    0.821228    0.820725  0.00041142
         149    0.815338    0.820689 0.000410245
         150    0.818352    0.820674 0.000407805
         151    0.820655    0.820674 0.000405105
         152    0.828027    0.820722 0.000405318
         153    0.808893    0.820645 0.000409976
         154    0.826005    0.820679 0.000408788
         155    0.813547    0.820633 0.000408733
         156    0.827082    0.820675 0.000408198
         157     0.82081    0.820676 0.000405599
         158    0.814211    0.820635  0.00040509
         159    0.827896     0.82068 0.000405108
         160    0.822055    0.820689 0.000402667
         161    0.809681    0.820621 0.000405929
         162    0.821002    0.820623 0.000403431
         163    0.819479    0.820616 0.000401017
         164    0.824432    0.820639 0.000399246
         165    0.810716    0.820579  0.00040133
         166    0.824961    0.820606  0.00039978
         167    0.826108    0.820638 0.000398741
         168     0.81082     0.82058 0.000400628
         169    0.815575     0.82055  0.00039935
         170    0.829974    0.820606  0.00040083
         171    0.818616    0.820594 0.000398655
         172    0.816213    0.820569  0.00039715
         173    0.820051    0.820566 0.000394866
         174    0.822274    0.820576 0.000392718
         175     0.81477    0.820542 0.000391873
         176    0.818471    0.820531 0.000389823
         177    0.827774    0.820572 0.000389762
         178    0.823138    0.820586 0.000387839
         179     0.81164    0.820536  0.00038888
         180    0.829649    0.820587 0.000390001
         181    0.816141    0.820562 0.000388619
         182    0.819095    0.820554 0.000386567
         183    0.811761    0.820506  0.00038743
         184    0.825845    0.820535 0.000386409
         185    0.819647     0.82053  0.00038435
         186    0.821635    0.820536  0.00038233
         187    0.821356     0.82054  0.00038031
         188     0.82044     0.82054 0.000378288
         189    0.814133    0.820506 0.000377802
         190     0.82302    0.820519 0.000376045
         191    0.825922    0.820548 0.000375139
         192    0.811755    0.820502  0.00037597
         193    0.822756    0.820513 0.000374203
         194    0.820802    0.820515 0.000372277
         195    0.821473     0.82052 0.000370401
         196    0.826956    0.820553 0.000369964
         197    0.820062     0.82055 0.000368094
         198    0.815583    0.820525 0.000367089
         199    0.826167    0.820553 0.000366337
         200     0.81337    0.820518 0.000366262
         201    0.828078    0.820555 0.000366366
         202    0.820228    0.820554 0.000364556
         203    0.822826    0.820565 0.000362932
         204     0.81713    0.820548 0.000361544
         205     0.81841    0.820537  0.00035993
         206    0.827572    0.820572 0.000359799
         207    0.826104    0.820598 0.000359052
         208    0.815353    0.820573 0.000358211
         209    0.818779    0.820565   0.0003566
         210    0.824412    0.820583 0.000355372
         211    0.818418    0.820573 0.000353836
         212    0.815749     0.82055 0.000352897
         213     0.82854    0.820587 0.000353229
         214    0.817022    0.820571 0.000351971
         215    0.824579    0.820589 0.000350827
         216    0.815821    0.820567 0.000349897
         217    0.820645    0.820568 0.000348285
         218    0.822811    0.820578 0.000346839
         219    0.811958    0.820539 0.000347482
         220    0.822747    0.820549 0.000346047
         221    0.820119    0.820547 0.000344487
         222    0.814081    0.820518 0.000344164
         223    0.826703    0.820545 0.000343737
         224    0.818061    0.820534 0.000342381
         225    0.819479    0.820529 0.000340891
         226    0.819535    0.820525 0.000339411
         227    0.820378    0.820524 0.000337917
         228     0.82104    0.820527 0.000336442
         229    0.831974    0.820577 0.000338667
         230    0.809835     0.82053 0.000340399
         231    0.821182    0.820533 0.000338937
         232    0.823499    0.820546 0.000337717
         233    0.816663    0.820529 0.000336679
         234    0.819929    0.820526 0.000335249
         235    0.816541    0.820509 0.000334252
         236    0.819764    0.820506  0.00033285
         237    0.818297    0.820497 0.000331576
         238    0.820254    0.820496 0.000330185
         239    0.824832    0.820514 0.000329301
         240    0.817596    0.820502 0.000328153
         241    0.810869    0.820462 0.000329217
         242    0.820205    0.820461 0.000327858
         243    0.826501    0.820486  0.00032745
         244    0.814161     0.82046 0.000327132
         245    0.813984    0.820433 0.000326863
         246    0.821047    0.820436 0.000325544
         247    0.823024    0.820446 0.000324394
         248    0.821645    0.820451 0.000323122
         249    0.832959    0.820501 0.000325706
         250    0.811432    0.820465 0.000326417
         251    0.822923    0.820475 0.000325263
         252    0.817953    0.820465 0.000324127
         253    0.824651    0.820481 0.000323268
         254    0.821202    0.820484 0.000322007
         255    0.827159     0.82051 0.000321807
         256    0.819572    0.820507 0.000320571
         257    0.819993    0.820505 0.000319329
         258    0.820832    0.820506 0.000318094
         259    0.819201    0.820501 0.000316906
         260    0.827767    0.820529 0.000316917
         261    0.830681    0.820568 0.000318081
         262    0.812711    0.820538 0.000318277
         263    0.828729    0.820569 0.000318587
         264    0.813692    0.820543 0.000318443
         265    0.824385    0.820557 0.000317571
         266    0.820643    0.820558 0.000316378
         267     0.82142    0.820561 0.000315209
         268    0.823936    0.820574 0.000314284
         269    0.815283    0.820554 0.000313731
         270    0.819701    0.820551 0.000312585
         271    0.822324    0.820557   0.0003115
         272    0.824434    0.820572  0.00031068
         273    0.823065    0.820581 0.000309677
         274    0.819019    0.820575 0.000308599
         275    0.823317    0.820585 0.000307638
         276    0.817737    0.820575 0.000306696
         277    0.824919     0.82059  0.00030599
         278    0.825609    0.820608 0.000305421
         279    0.817579    0.820598 0.000304519
         280    0.818091    0.820589 0.000303563
         281    0.823286    0.820598 0.000302635
         282    0.817261    0.820586 0.000301793
         283    0.822228    0.820592 0.000300782
         284    0.823658    0.820603 0.000299917
         285    0.814633    0.820582 0.000299595
         286    0.832749    0.820625 0.000301553
         287      0.8213    0.820627 0.000300511
         288    0.818956    0.820621 0.000299524
         289    0.822206    0.820627 0.000298538
         290    0.823522    0.820637 0.000297675
         291    0.821738     0.82064 0.000296676
         292    0.814612     0.82062 0.000296378
         293    0.812156    0.820591 0.000296771
         294    0.820346     0.82059 0.000295762
         295    0.819592    0.820587 0.000294779
         296    0.828495    0.820613 0.000294992
         297    0.815319    0.820596 0.000294536
         298    0.820008    0.820594 0.000293555
         299     0.82281    0.820601 0.000292666
         300    0.819235    0.820596 0.000291726
