# BEST DISTANCE:
     0         25.1681
     1          22.216
     2         21.0532
     3          19.315
     4         18.2784
     5         17.2806
     6         16.9493
     7         16.9493
     8         16.1699
     9         16.0882
    10         15.9932
    11         15.8692
    12         15.4389
    13         15.0688
    14         15.1619
    15         14.6728
    16         13.4189
    17         13.0208
    18         12.9477
    19         12.9477
    20         12.8262
    21         12.2298
    22         12.8262
    23         12.6798
    24         12.5132
    25         12.5132
    26         11.5767
    27         11.8795
    28          11.768
    29         11.8886
    30         11.7991
    31         11.7468
    32          11.717
    33         11.6495
    34         11.6164
    35         11.5429
    36         11.0477
    37         11.0477
    38         11.0708
    39         11.1022
    40         11.1782
    41         10.9652
    42          11.104
    43          11.104
    44         11.1344
    45         11.1782
    46         11.0281
    47         10.8963
    48         10.9207
    49         10.8882
    50         10.8578
    51         10.8578
    52         10.8386
    53         10.8517
    54         10.8386
    55         10.7756
    56         10.6375
    57         10.8386
    58          10.806
    59         10.7745
    60         10.7745
    61         10.8386
    62         10.7756
    63         10.7972
    64         10.7756
    65          10.574
    66         10.7342
    67         10.7029
    68         10.7029
    69         10.5974
    70         10.7646
    71         10.7342
    72         10.7342
    73         10.7342
    74         10.7646
    75         10.7646
    76         10.7756
    77         10.7342
    78         10.7342
    79         10.6381
    80         10.7646
    81         10.7342
    82         10.7342
    83         10.7342
    84         10.6795
    85         10.7342
    86         10.7342
    87         10.7289
    88         10.7342
    89         10.7342
    90         10.7342
    91         10.7342
    92         10.7351
    93         10.7351
    94         10.7351
    95         10.7342
    96         10.7342
    97         10.6795
    98         10.7721
    99         10.7307
   100          10.574
   101         10.7342
   102         10.7342
   103         10.7307
   104         10.7307
   105         10.7307
   106         10.7307
   107         10.7307
   108         10.7307
   109         10.7342
   110         10.7342
   111          10.651
   112         10.7307
   113         10.7721
   114         10.7342
   115         10.7342
   116         10.7646
   117         10.7342
   118         10.7342
   119         10.7307
   120         10.7756
   121         10.5922
   122         10.7756
   123         10.7756
   124         10.7756
   125         10.7342
   126         10.7721
   127         10.7307
   128         10.7756
   129         10.7342
   130         10.5554
   131         10.6998
   132         10.6998
   133         10.7307
   134         10.4815
   135         10.7307
   136         10.7342
   137         10.7307
   138         10.7307
   139         10.6375
   140         10.7307
   141         10.7342
   142         10.7307
   143         10.7342
   144         10.7307
   145         10.7307
   146         10.7307
   147         10.7342
   148         10.4504
   149         10.7307
   150         10.5567
   151         10.7307
   152         10.7307
   153         10.5961
   154         10.7342
   155         10.7342
   156         10.7307
   157         10.7342
   158         10.7342
   159         10.7342
   160         10.7342
   161         10.7342
   162         10.6238
   163         10.7342
   164         10.7307
   165         10.7342
   166         10.7342
   167         10.7307
   168         10.7342
   169         10.7342
   170         10.7307
   171         10.7307
   172         10.7342
   173         10.7342
   174         10.7342
   175         10.7342
   176         10.7342
   177         10.7307
   178         10.7307
   179         10.7307
   180         10.5763
   181         10.5763
   182         10.7307
   183         10.7307
   184         10.7307
   185         10.6606
   186         10.4559
   187         10.6846
   188         10.7342
   189         10.7342
   190         10.7307
   191         10.7342
   192         10.7342
   193         10.7342
   194         10.7307
   195         10.7307
   196         10.7342
   197         10.7342
   198         10.7307
   199         10.7307
   200         10.7342
   201         10.5241
   202         10.7342
   203         10.7342
   204         10.7342
   205         10.4883
   206         10.6606
   207         10.7342
   208         10.7342
   209         10.7342
   210         10.7342
   211         10.7342
   212         10.6598
   213         10.7342
   214         10.7342
   215         10.7342
   216         10.7342
   217         10.7342
   218         10.7342
   219         10.7342
   220         10.5039
   221         10.6606
   222         10.4504
   223         10.7342
   224         10.7342
   225         10.7342
   226         10.7342
   227         10.7342
   228         10.7307
   229         10.5425
   230         10.7307
   231         10.6606
   232         10.7342
   233         10.7342
   234         10.7342
   235         10.7342
   236         10.3746
   237         10.3746
   238         10.7342
   239         10.7342
   240         10.7342
   241         10.5412
   242         10.7342
   243         10.7342
   244         10.7342
   245         10.4926
   246         10.7307
   247         10.7342
   248         10.7342
   249         10.7342
   250         10.7342
   251          10.556
   252         10.7342
   253         10.6948
   254         10.5237
   255         10.5237
   256         10.7307
   257         10.4815
   258         10.7307
   259         10.7307
   260         10.7307
   261         10.7307
   262         10.7307
   263         10.7307
   264         10.7342
   265         10.7307
   266         10.4504
   267         10.7307
   268         10.7307
   269         10.7307
   270         10.6606
   271         10.7307
   272         10.7307
   273         10.4504
   274         10.4504
   275         10.4504
   276         10.4469
   277         10.4469
   278         10.5309
   279         10.4815
   280         10.4779
   281          10.548
   282         10.7342
   283         10.7307
   284         10.7307
   285         10.7342
   286         10.7307
   287         10.7307
   288         10.6606
   289         10.6571
   290         10.7307
   291         10.7307
   292         10.7307
   293         10.7028
   294         10.7307
   295         10.7307
   296         10.7307
   297         10.7307
   298         10.7307
   299         10.7307
   300         10.7307
   301         10.6013
   302         10.6013
   303         10.6013
   304         10.7307
   305         10.7307
   306         10.7307
   307         10.7307
   308         10.7307
   309         10.7307
   310         10.7059
   311         10.7307
   312         10.4918
   313         10.7307
   314         10.7307
   315         10.7307
   316         10.7307
   317         10.7307
   318         10.7307
   319         10.7033
   320         10.7307
   321         10.6606
   322         10.7212
   323         10.4815
   324         10.7307
   325         10.4815
   326         10.7307
   327         10.7307
   328         10.4504
   329         10.7342
   330         10.7212
   331         10.7307
   332         10.7307
   333         10.7307
   334         10.7342
   335         10.7342
   336         10.7307
   337         10.7307
   338         10.7307
   339         10.7307
   340         10.7342
   341         10.7307
   342          10.556
   343         10.7307
   344         10.7307
   345         10.7307
   346         10.6095
   347         10.7307
   348         10.7307
   349         10.7342
   350         10.7307
   351         10.6611
   352         10.7342
   353         10.7342
   354         10.7342
   355         10.7342
   356         10.7342
   357         10.7271
   358         10.7271
   359         10.7307
   360         10.7307
   361         10.7307
   362         10.6076
   363         10.6076
   364         10.7342
   365          10.593
   366         10.6465
   367         10.6465
   368          10.593
   369          10.593
   370         10.7342
   371         10.4815
   372         10.4815
   373         10.7342
   374         10.7342
   375         10.7307
   376         10.7342
   377         10.7342
   378         10.7342
   379         10.7646
   380         10.7342
   381         10.7342
   382         10.7342
   383         10.7342
   384         10.7342
   385         10.6606
   386         10.4779
   387         10.7307
   388         10.6102
   389         10.7342
   390         10.7342
   391         10.6102
   392         10.7342
   393         10.7342
   394         10.7342
   395         10.7342
   396         10.7342
   397          10.651
   398         10.7342
   399         10.7342
   400         10.7342
   401         10.7033
   402         10.7033
   403         10.7033
   404         10.7033
   405         10.4931
   406         10.3705
   407         10.6048
   408         10.6048
   409         10.7307
   410         10.7342
   411         10.6937
   412          10.514
   413         10.7342
   414         10.7733
   415         10.7733
   416         10.7342
   417         10.7342
   418         10.7646
   419         10.7769
   420         10.7611
   421         10.7733
   422         10.7342
   423         10.7342
   424         10.7585
   425         10.7639
   426         10.7646
   427         10.7307
   428         10.7307
   429         10.7307
   430         10.7307
   431         10.7307
   432         10.7307
   433         10.7307
   434         10.7342
   435         10.7307
   436         10.7307
   437         10.7342
   438         10.7611
   439         10.7307
   440         10.7342
   441         10.3175
   442         10.3175
   443            10.4
   444         10.3175
   445          10.321
   446         10.7033
   447         10.7307
   448         10.7307
   449         10.7307
   450         10.7307
   451         10.7307
   452         10.7307
   453         10.7307
   454          10.514
   455         10.7307
   456         10.5104
   457         10.5104
   458         10.5104
   459         10.5104
   460         10.5104
   461          10.514
   462          10.514
   463         10.5241
   464         10.4504
   465         10.7307
   466         10.7307
   467         10.7307
   468         10.4469
   469         10.7307
   470         10.7307
   471         10.7307
   472         10.6606
   473         10.7307
   474         10.7307
   475         10.7307
   476         10.5838
   477         10.7307
   478         10.7307
   479         10.7307
   480         10.7307
   481         10.7307
   482         10.7307
   483         10.7307
   484         10.7307
   485         10.7307
   486         10.7218
   487            10.4
   488            10.4
   489            10.4
   490         10.4399
   491            10.4
   492            10.4
   493         10.7307
   494         10.7307
   495         10.7177
   496         10.7177
   497         10.5241
   498         10.5003
   499         10.7307
