# DISTANCE:		AVE_GOFR:	 ERROR:
           0           0           0
           1           0           0
           2           0           0
           3           0           0
           4           0           0
           5           0           0
           6           0           0
           7           0           0
           8           0           0
           9           0           0
          10           0           0
          11           0           0
          12           0           0
          13           0           0
          14           0           0
          15           0           0
          16           0           0
          17           0           0
          18           0           0
          19           0           0
          20           0           0
          21           0           0
          22           0           0
          23           0           0
          24           0           0
          25           0           0
          26           0           0
          27           0           0
          28           0           0
          29           0           0
          30           0           0
          31           0           0
          32           0           0
          33           0           0
          34           0           0
          35           0           0
          36           0           0
          37           0           0
          38           0           0
          39           0           0
          40           0           0
          41           0           0
          42           0           0
          43           0           0
          44           0           0
          45           0           0
          46           0           0
          47           0           0
          48           0           0
          49           0           0
          50           0           0
          51           0           0
          52           0           0
          53           0           0
          54           0           0
          55           0           0
          56           0           0
          57           0           0
          58           0           0
          59           0           0
          60           0           0
          61           0           0
          62           0           0
          63           0           0
          64           0           0
          65           0           0
          66           0           0
          67           0           0
          68           0           0
          69           0           0
          70           0           0
          71           0           0
          72           0           0
          73           0           0
          74           0           0
          75           0           0
          76           0           0
          77           0           0
          78           0           0
          79           0           0
          80           0           0
          81           0           0
          82           0           0
          83           0           0
          84           0           0
          85           0           0
          86           0           0
          87           0           0
          88           0           0
          89           0           0
          90           0           0
          91           0           0
          92           0           0
          93           0           0
          94           0           0
          95           0           0
          96           0           0
          97           0           0
          98           0           0
          99           0           0
         100           0           0
         101           0           0
         102           0           0
         103           0           0
         104           0           0
         105           0           0
         106           0           0
         107           0           0
         108           0           0
         109           0           0
         110           0           0
         111           0           0
         112           0           0
         113           0           0
         114           0           0
         115           0           0
         116           0           0
         117           0           0
         118           0           0
         119           0           0
         120           0           0
         121           0           0
         122           0           0
         123           0           0
         124           0           0
         125           0           0
         126           0           0
         127           0           0
         128           0           0
         129           0           0
         130           0           0
         131           0           0
         132           0           0
         133           0           0
         134           0           0
         135 0.000249707 0.000174997
         136 0.000193334 0.000112099
         137 0.000796773 0.000255585
         138  0.00211123 0.000519397
         139  0.00488013 0.000715472
         140  0.00936192  0.00106043
         141   0.0167373  0.00127384
         142   0.0306627  0.00167308
         143   0.0525434  0.00243849
         144    0.080802    0.003536
         145    0.122234  0.00421592
         146    0.174916  0.00492352
         147    0.240774  0.00524931
         148    0.321584  0.00557548
         149    0.409189  0.00703139
         150    0.503347  0.00870364
         151    0.609059   0.0084612
         152    0.737724  0.00881985
         153    0.853604  0.00945259
         154    0.980879   0.0106161
         155     1.10963   0.0119214
         156     1.25356   0.0132331
         157      1.3771   0.0129679
         158     1.49897   0.0147752
         159     1.59755   0.0154424
         160      1.6861     0.01703
         161     1.77788   0.0165115
         162       1.844   0.0168302
         163     1.91186   0.0191271
         164     1.99402   0.0176259
         165      2.0431   0.0202047
         166     2.10099   0.0201663
         167     2.12496    0.020855
         168     2.16874   0.0230503
         169     2.20694    0.022216
         170     2.21308   0.0240535
         171     2.21951   0.0242014
         172     2.21255   0.0270314
         173     2.21133    0.029647
         174     2.23213   0.0279622
         175     2.20955   0.0309717
         176     2.20205   0.0295875
         177     2.19554   0.0284331
         178     2.18546   0.0264445
         179     2.15673   0.0258639
         180     2.13972   0.0245329
         181      2.1234    0.025137
         182     2.09534   0.0243685
         183       2.069    0.022805
         184     2.06519   0.0227311
         185     2.04169    0.022644
         186     2.00315    0.022934
         187     1.98313   0.0219783
         188     1.96845   0.0221045
         189       1.936   0.0235639
         190     1.89998   0.0204673
         191      1.8586   0.0188825
         192     1.85277   0.0185867
         193     1.83655   0.0198138
         194     1.81052    0.017675
         195     1.78923   0.0176137
         196     1.75337   0.0178802
         197     1.74348   0.0168356
         198     1.72529   0.0160094
         199     1.69338   0.0157755
         200     1.68142   0.0157366
         201     1.66902   0.0158824
         202     1.64161   0.0149901
         203     1.61988   0.0137183
         204     1.59661   0.0135116
         205     1.57718   0.0136498
         206     1.57475   0.0138536
         207      1.5461   0.0136936
         208     1.54988   0.0137737
         209     1.52149   0.0136557
         210     1.50825   0.0137667
         211     1.48184   0.0128868
         212     1.47529    0.013109
         213     1.45254   0.0132406
         214     1.44253   0.0131491
         215     1.43764   0.0143115
         216     1.42894   0.0149782
         217     1.40439   0.0140248
         218     1.38972   0.0140453
         219     1.36803   0.0139539
         220      1.3503   0.0127101
         221     1.34813   0.0126069
         222     1.34226   0.0123567
         223     1.33457    0.011756
         224     1.31766   0.0122298
         225     1.30521   0.0125706
         226     1.29679   0.0119774
         227     1.27953    0.011813
         228      1.2695   0.0107978
         229      1.2698   0.0108216
         230     1.26118   0.0107962
         231     1.25568   0.0109896
         232     1.24847   0.0112993
         233     1.24131   0.0109286
         234     1.24021   0.0108964
         235     1.22322  0.00991209
         236     1.21897  0.00982886
         237     1.21998   0.0106661
         238     1.20592   0.0103199
         239     1.21241  0.00983278
         240     1.20439  0.00994635
         241      1.2026  0.00959777
         242      1.2015  0.00970498
         243     1.19086  0.00921025
         244     1.17727  0.00967184
         245     1.16749   0.0100028
         246     1.16817  0.00990869
         247     1.16112  0.00999945
         248     1.16201  0.00916979
         249     1.16355   0.0100015
         250     1.16154   0.0103024
         251     1.16125   0.0105686
         252     1.14668  0.00946774
         253     1.14073  0.00898583
         254      1.1423   0.0095585
         255     1.13706  0.00922503
         256     1.12803  0.00878421
         257     1.12288  0.00917622
         258     1.12132   0.0087501
         259       1.112  0.00868969
         260     1.11123  0.00863383
         261     1.11068  0.00879202
         262     1.10939  0.00889983
         263     1.11035  0.00888103
         264     1.11484  0.00957028
         265      1.1057  0.00889603
         266     1.10527  0.00896242
         267     1.10539  0.00930976
         268      1.1012  0.00952689
         269      1.0985   0.0090429
         270     1.10441  0.00908622
         271     1.09064  0.00894777
         272     1.09538  0.00961643
         273     1.08393  0.00926015
         274     1.07796  0.00913701
         275     1.08267  0.00959421
         276     1.07718  0.00901651
         277     1.08224  0.00886028
         278     1.08112  0.00871846
         279     1.08192  0.00902255
         280      1.0711  0.00832042
         281     1.07145  0.00795737
         282      1.0792  0.00816101
         283     1.07514  0.00779882
         284     1.07719  0.00760377
         285     1.06955  0.00777235
         286     1.06611  0.00786916
         287     1.06288  0.00670901
         288     1.06163  0.00705945
         289     1.06658  0.00773448
         290     1.06545  0.00776411
         291     1.06402  0.00795219
         292     1.06302  0.00788925
         293     1.05962  0.00788155
         294     1.05697  0.00802947
         295     1.05682  0.00820641
         296     1.05896  0.00901715
         297     1.05558  0.00943105
         298     1.04916  0.00801411
         299     1.05239  0.00803066
         300     1.05703  0.00848389
         301     1.05002  0.00848268
         302     1.04691  0.00825066
         303     1.04651  0.00828237
         304     1.04855  0.00831168
         305     1.05161  0.00804164
         306     1.05172  0.00849486
         307     1.05542  0.00867212
         308     1.05478  0.00866683
         309     1.05596  0.00828437
         310     1.05667  0.00808422
         311     1.04883  0.00803968
         312     1.05151  0.00783359
         313      1.0492   0.0077297
         314      1.0561  0.00796734
         315     1.04979    0.008082
         316     1.05593  0.00822395
         317     1.05615  0.00781319
         318     1.05826  0.00799156
         319     1.05095   0.0074389
         320     1.04994  0.00830853
         321     1.04743  0.00764128
         322     1.05242  0.00787865
         323     1.05452  0.00729824
         324     1.05118  0.00732587
         325     1.05222  0.00710905
         326     1.05532  0.00784308
         327     1.05523  0.00821191
         328     1.05913  0.00827104
         329     1.05315  0.00766235
         330     1.06157  0.00761862
         331     1.05781   0.0080592
         332      1.0577  0.00678623
         333     1.05392  0.00699045
         334     1.04985  0.00651614
         335     1.05215  0.00668608
         336     1.05451  0.00710498
         337      1.0532  0.00722242
         338     1.05164  0.00724215
         339     1.05229  0.00660447
         340     1.05192  0.00676752
         341     1.04972   0.0067626
         342     1.05036  0.00697793
         343     1.04552  0.00662877
         344     1.05085  0.00687806
         345     1.04118  0.00734196
         346     1.03768  0.00742229
         347     1.03775  0.00737543
         348     1.03873  0.00635733
         349     1.03404  0.00680211
         350     1.03154  0.00684621
         351     1.03064  0.00666176
         352     1.03312  0.00681356
         353     1.04039   0.0063807
         354     1.04044  0.00677389
         355     1.03221   0.0060956
         356     1.03641  0.00651819
         357     1.03547  0.00623485
         358     1.03267  0.00609517
         359     1.03099  0.00594771
         360     1.02854  0.00643364
         361     1.02635   0.0059816
         362     1.02727  0.00630427
         363     1.02229  0.00652921
         364     1.02786  0.00653943
         365     1.02665  0.00654469
         366     1.02099  0.00658258
         367     1.02141  0.00612148
         368     1.01858  0.00610944
         369     1.02224  0.00640282
         370      1.0301  0.00665726
         371     1.02561   0.0065619
         372     1.02549   0.0067645
         373     1.01944  0.00716868
         374     1.01402  0.00675757
         375     1.01742  0.00719048
         376     1.01933  0.00678539
         377     1.01852   0.0069636
         378     1.01659  0.00711574
         379     1.02434  0.00726228
         380     1.02028  0.00709773
         381     1.01995   0.0066489
         382     1.02465  0.00649516
         383     1.02686  0.00662413
         384     1.02412  0.00654051
         385     1.02191  0.00578294
         386     1.02336   0.0063275
         387     1.01981  0.00656877
         388     1.01787  0.00616285
         389     1.01484  0.00582991
         390       1.018   0.0056348
         391     1.01871  0.00587064
         392     1.01784  0.00574156
         393     1.01549  0.00608601
         394     1.01253  0.00608236
         395     1.01555  0.00621931
         396     1.01369  0.00599191
         397     1.01361  0.00617398
         398     1.01525  0.00580927
         399     1.01344  0.00559732
         400     1.01856   0.0055104
         401     1.01895  0.00565493
         402     1.01751  0.00587424
         403     1.02115  0.00614399
         404     1.01911  0.00664769
         405     1.01714  0.00603754
         406     1.01455   0.0061938
         407     1.01601  0.00579344
         408     1.01195  0.00577494
         409     1.01367  0.00607932
         410      1.0101  0.00586498
         411     1.00538  0.00512467
         412     1.01098  0.00574334
         413     1.01197  0.00569887
         414     1.00911  0.00558819
         415     1.00677  0.00567284
         416     1.00037  0.00556664
         417     1.00065  0.00596982
         418      1.0051  0.00565777
         419      1.0011  0.00524029
         420    0.995733  0.00593286
         421     1.00005  0.00582209
         422     1.00355  0.00597268
         423      1.0028  0.00573241
         424     1.00191  0.00567487
         425    0.999315  0.00577965
         426     0.99934  0.00627556
         427    0.995523  0.00605567
         428    0.992618  0.00593709
         429     1.00298     0.00592
         430     1.00453  0.00594182
         431     1.00161  0.00615281
         432     1.00395  0.00606318
         433     1.00396  0.00580478
         434     1.00026   0.0056589
         435    0.999112  0.00550137
         436      1.0017  0.00556572
         437     1.00351   0.0058558
         438    0.999715   0.0056359
         439    0.996988  0.00569819
         440     1.00125  0.00540808
         441    0.998519   0.0051991
         442     1.00028  0.00484171
         443    0.999735  0.00478523
         444    0.997558  0.00512967
         445    0.997594  0.00573181
         446    0.997988  0.00543905
         447     1.00306  0.00537457
         448    0.999349  0.00495483
         449    0.994904  0.00516731
         450    0.996557  0.00527435
         451     1.00266  0.00527976
         452      1.0046  0.00528673
         453     1.00448  0.00508666
         454     1.00076  0.00506368
         455     1.00334  0.00524796
         456     1.00067  0.00526007
         457    0.998841  0.00519188
         458     1.00064  0.00516115
         459     1.00242  0.00479886
         460     1.00508  0.00490377
         461     1.00144  0.00480365
         462    0.997289  0.00500125
         463    0.995651  0.00500806
         464      0.9971  0.00515049
         465     1.00324   0.0050649
         466     1.00386  0.00503767
         467     1.00427  0.00500644
         468     1.00334  0.00541939
         469     1.00346  0.00528561
         470    0.999962  0.00537427
         471    0.996671  0.00568878
         472     1.00174  0.00541871
         473    0.994592  0.00476157
         474    0.994994  0.00476524
         475    0.993628  0.00497261
         476    0.995722  0.00505033
         477    0.995834  0.00518202
         478    0.993255  0.00521881
         479    0.990793  0.00499295
         480    0.989026  0.00515562
         481    0.992402  0.00487048
         482     0.98967  0.00500931
         483    0.989147  0.00492476
         484    0.986654  0.00467234
         485     0.98967  0.00463159
         486    0.994143  0.00470314
         487    0.995274  0.00445171
         488    0.996807  0.00469525
         489    0.993756  0.00469491
         490    0.993549  0.00469361
         491    0.995104  0.00466057
         492     0.99542  0.00450135
         493     0.99348  0.00478008
         494    0.991639   0.0050048
         495    0.988499  0.00492168
         496      0.9917  0.00499694
         497    0.991225   0.0048397
         498    0.990906  0.00467606
         499    0.986426  0.00493104
         500    0.989037   0.0050319
         501    0.990788  0.00528442
         502    0.985951  0.00481293
         503    0.986544  0.00490561
         504    0.985847    0.004979
         505    0.987636  0.00491909
         506    0.991684   0.0046869
         507    0.989801  0.00502423
         508    0.990888  0.00516146
         509    0.992636  0.00451997
         510    0.996773  0.00465495
         511    0.991405  0.00456869
         512    0.993597  0.00497849
         513    0.992039  0.00442756
         514    0.997372  0.00459663
         515     0.99592  0.00465898
         516     0.99212  0.00409803
         517    0.990337  0.00435878
         518    0.989631   0.0041144
         519    0.985126  0.00394529
         520     0.98693  0.00428294
         521      0.9896  0.00426705
         522    0.985839   0.0045047
         523     0.98806  0.00462758
         524    0.988497   0.0047115
         525    0.988782  0.00436959
         526    0.988891  0.00428281
         527    0.990406  0.00441167
         528    0.988545  0.00458256
         529    0.990063  0.00435034
         530    0.989003  0.00436562
         531    0.990232  0.00437933
         532    0.990591  0.00446576
         533    0.987801   0.0042918
         534    0.989863   0.0046749
         535    0.991441  0.00457942
         536    0.989165  0.00424987
         537     0.98438  0.00438418
         538    0.987477  0.00446936
         539    0.991308   0.0043332
         540    0.989249  0.00427122
         541    0.988686  0.00465556
         542     0.98994  0.00427305
         543    0.987333    0.003659
         544    0.986935  0.00395994
         545    0.990563  0.00416726
         546    0.991896  0.00385219
         547    0.990114  0.00385603
         548    0.988785  0.00382733
         549    0.993595  0.00408142
         550    0.991568   0.0040983
         551    0.990459  0.00412987
         552    0.996478  0.00451765
         553    0.990431    0.004808
         554    0.989327  0.00440597
         555    0.992488  0.00475234
         556    0.993042  0.00480242
         557    0.992332  0.00450805
         558    0.990528   0.0043582
         559    0.990893  0.00416241
         560    0.988164  0.00417984
         561    0.991145  0.00434078
         562    0.994715  0.00366609
         563    0.993985  0.00376083
         564    0.994264  0.00419332
         565     0.99055  0.00420788
         566    0.995026  0.00448147
         567    0.995935  0.00457612
         568    0.996513  0.00406968
         569      0.9895  0.00378588
         570    0.990767  0.00379143
         571    0.989667  0.00391805
         572     0.98896  0.00389185
         573     0.98689  0.00388286
         574    0.990489  0.00391178
         575    0.992986  0.00432941
         576    0.987032  0.00393737
         577    0.989973  0.00385489
         578    0.991883  0.00393932
         579    0.989258  0.00372247
         580    0.990825  0.00410059
         581    0.989384  0.00376641
         582    0.990253    0.003561
         583    0.993189  0.00431834
         584    0.992617  0.00407763
         585    0.993284  0.00417962
         586    0.991741  0.00379916
         587    0.990502    0.003999
         588    0.992545  0.00407453
         589    0.989235  0.00419649
         590    0.986571  0.00401658
         591    0.986666  0.00399039
         592    0.984976  0.00386695
         593    0.984418  0.00405352
         594    0.984277  0.00406125
         595    0.987533  0.00414391
         596    0.992128  0.00420952
         597    0.987999  0.00380357
         598    0.987343  0.00367729
         599    0.989112  0.00428306
         600    0.985894  0.00370697
         601    0.986758  0.00379848
         602    0.986546  0.00390984
         603    0.985851  0.00351725
         604    0.985048  0.00356745
         605    0.982072  0.00353795
         606    0.983576  0.00375718
         607    0.982978  0.00376957
         608    0.984199  0.00414353
         609    0.988528  0.00367531
         610     0.98784  0.00383916
         611    0.989111  0.00395215
         612    0.988946  0.00400683
         613    0.984227  0.00399763
         614    0.987066  0.00390426
         615    0.985033  0.00394004
         616    0.989361  0.00399885
         617    0.988845  0.00395215
         618    0.986865   0.0040375
         619    0.988727  0.00426306
         620    0.988021  0.00391903
         621    0.988165  0.00367343
         622    0.990094    0.003888
         623    0.987125  0.00351032
         624    0.984644  0.00334629
         625    0.985919  0.00359696
         626    0.986157  0.00371175
         627     0.98168  0.00339533
         628     0.98331  0.00349304
         629    0.984388  0.00389683
         630    0.984893  0.00378535
         631    0.988325  0.00361168
         632    0.988392  0.00366913
         633    0.985712  0.00355766
         634    0.984656  0.00393692
         635    0.984343  0.00359238
         636    0.986112   0.0037602
         637    0.980929  0.00366696
         638     0.98151  0.00362595
         639    0.981394  0.00364382
         640    0.980541  0.00422914
         641    0.981569  0.00380212
         642    0.982711  0.00362818
         643    0.984197  0.00354235
         644    0.988033  0.00366226
         645    0.987007  0.00375041
         646    0.988282  0.00390169
         647    0.987427   0.0035464
         648    0.983625  0.00354252
         649    0.986762  0.00365165
         650    0.988223  0.00371047
         651    0.987763  0.00354323
         652    0.986945  0.00319989
         653    0.987023  0.00319869
         654    0.985045  0.00346033
         655     0.98442  0.00323258
         656    0.983423  0.00305448
         657    0.984004  0.00337139
         658    0.983358  0.00340791
         659    0.986295  0.00345019
         660    0.987887  0.00301603
         661    0.984333  0.00351622
         662    0.980865  0.00358264
         663    0.984705  0.00376425
         664    0.983388  0.00360526
         665     0.98397  0.00337109
         666    0.985683  0.00354936
         667     0.98537   0.0033206
         668    0.986343   0.0032961
         669    0.987886   0.0034115
         670    0.987953  0.00339103
         671    0.984052  0.00324349
         672    0.982757  0.00328058
         673    0.986714  0.00337114
         674    0.985348  0.00343674
         675     0.98345  0.00338424
         676    0.983602  0.00316789
         677    0.983163  0.00329131
         678    0.983493  0.00324406
         679    0.981808  0.00333134
         680    0.982995  0.00339666
         681    0.985385  0.00332331
         682    0.985663  0.00333458
         683    0.980933  0.00329782
         684    0.984428  0.00335873
         685    0.987639  0.00320409
         686    0.987846  0.00356776
         687    0.984688  0.00357537
         688    0.983175  0.00358114
         689    0.986727  0.00353195
         690    0.986584  0.00347592
         691    0.984481  0.00344007
         692    0.981952  0.00315913
         693    0.983582  0.00348237
         694    0.982238  0.00368523
         695    0.983464  0.00352254
         696    0.981079  0.00356149
         697    0.980649  0.00360553
         698    0.983836  0.00364003
         699    0.981058  0.00353806
         700    0.984731  0.00345121
         701    0.985148  0.00316344
         702    0.981637  0.00340045
         703    0.979822  0.00344051
         704    0.981769  0.00357058
         705    0.982709  0.00371375
         706    0.983422  0.00311832
         707      0.9842  0.00300986
         708    0.982118  0.00330801
         709    0.978416  0.00316253
         710    0.976802  0.00303161
         711    0.978902  0.00297012
         712    0.984013  0.00310449
         713    0.981913  0.00306693
         714    0.982808  0.00338655
         715    0.981878  0.00332751
         716    0.985993  0.00303307
         717    0.984759  0.00297055
         718    0.983732  0.00292847
         719    0.985501  0.00290062
         720    0.984862  0.00327358
         721    0.985665  0.00346803
         722    0.985599  0.00323796
         723    0.985768  0.00335883
         724    0.984052  0.00320151
         725    0.985051  0.00355712
         726    0.984539  0.00334885
         727    0.987113  0.00349595
         728    0.984243  0.00330246
         729    0.981728  0.00321188
         730    0.984268  0.00334331
         731    0.983395   0.0033678
         732    0.986174  0.00348126
         733    0.986634  0.00306185
         734    0.984908  0.00307179
         735    0.987125  0.00321038
         736    0.988727  0.00319632
         737    0.985646  0.00299411
         738    0.986027  0.00286785
         739    0.984017  0.00274564
         740    0.985561  0.00257529
         741    0.988432  0.00298074
         742    0.987852  0.00316726
         743     0.98455  0.00291147
         744    0.986008   0.0031746
         745    0.983508  0.00308738
         746    0.986617  0.00309206
         747    0.986807  0.00290065
         748    0.983514  0.00272228
         749    0.984518  0.00296561
         750    0.985695  0.00288488
         751    0.985863  0.00329223
         752    0.983629   0.0029619
         753    0.985159   0.0031326
         754     0.98555  0.00305936
         755    0.985719  0.00304547
         756    0.986399  0.00263191
         757    0.989981  0.00254258
         758    0.988046  0.00264614
         759    0.987799  0.00264388
         760     0.99095  0.00287376
         761    0.990317  0.00292785
         762    0.991345  0.00266949
         763    0.991638  0.00257288
         764    0.991104  0.00264429
         765    0.990531  0.00265734
         766    0.989999   0.0028486
         767    0.987154  0.00295903
         768    0.985448  0.00284402
         769    0.985506  0.00290461
         770    0.984611  0.00279389
         771    0.983415  0.00286111
         772    0.983216  0.00300077
         773    0.986316  0.00289073
         774    0.984199  0.00307861
         775    0.983877  0.00295144
         776    0.986435  0.00292107
         777    0.988932  0.00272704
         778    0.989052   0.0025982
         779    0.988981  0.00274061
         780    0.990898  0.00288851
         781    0.985522  0.00285541
         782    0.985286  0.00297162
         783    0.985175   0.0025612
         784    0.985149  0.00269614
         785    0.985109  0.00268838
         786    0.985312  0.00260809
         787    0.988157  0.00257041
         788    0.985733   0.0024492
         789    0.987043  0.00268832
         790    0.986831  0.00270802
         791    0.988402  0.00298123
         792    0.985249  0.00279671
         793    0.986221  0.00279701
         794    0.986315  0.00281955
         795     0.98645  0.00287739
         796    0.984804  0.00300719
         797    0.985688  0.00292684
         798    0.986243  0.00270964
         799    0.989337  0.00270455
         800    0.986214  0.00261549
         801    0.985744  0.00286994
         802    0.985605  0.00271231
         803    0.984699  0.00289934
         804    0.985748  0.00336367
         805    0.984279  0.00303232
         806    0.985316  0.00337654
         807    0.985818  0.00293799
         808    0.983596  0.00294023
         809    0.984923  0.00295173
         810    0.983143  0.00281738
         811    0.981706  0.00285713
         812    0.983384  0.00280153
         813    0.983377  0.00294417
         814    0.984599  0.00290318
         815    0.983739  0.00273064
         816     0.98358  0.00261707
         817    0.983364  0.00256437
         818    0.982731  0.00256218
         819    0.986455  0.00263812
         820    0.988619  0.00248885
         821     0.98687  0.00251257
         822    0.985146  0.00231355
         823    0.987849   0.0025855
         824    0.987663  0.00277686
         825    0.988817   0.0026102
         826    0.987605  0.00265729
         827    0.988206  0.00256385
         828    0.987767  0.00225459
         829    0.986217  0.00248947
         830    0.986944  0.00239785
         831    0.989234  0.00229867
         832    0.989007  0.00266982
         833    0.989123  0.00241876
         834     0.98872   0.0026698
         835    0.987121  0.00259581
         836    0.989084  0.00265398
         837    0.988613  0.00266305
         838    0.989586  0.00286333
         839    0.988473  0.00283944
         840    0.990012  0.00257245
         841     0.98943   0.0025187
         842    0.992162  0.00258661
         843    0.990459  0.00242864
         844    0.992775   0.0025999
         845    0.989635  0.00267633
         846    0.988616  0.00257807
         847    0.989368  0.00267405
         848    0.989349  0.00253316
         849    0.989087  0.00245436
         850    0.990577  0.00217187
         851    0.989128   0.0023095
         852    0.989669    0.002409
         853    0.990773  0.00227854
         854    0.990606  0.00246541
         855    0.993078  0.00239775
         856    0.990515  0.00228951
         857    0.990847  0.00247578
         858    0.989465  0.00257124
         859    0.989612  0.00257636
         860    0.987342  0.00256366
         861    0.986246  0.00272634
         862    0.988383  0.00251841
         863    0.988401  0.00256486
         864    0.987869  0.00253937
         865    0.987325  0.00263163
         866    0.986552  0.00261628
         867    0.985707  0.00238383
         868    0.986325   0.0025648
         869    0.986277  0.00268915
         870    0.984417  0.00231949
         871    0.984685  0.00244522
         872    0.985326   0.0026578
         873    0.987411  0.00255988
         874     0.98814  0.00242326
         875    0.986129  0.00236579
         876     0.98943   0.0023425
         877     0.98919  0.00259747
         878    0.989627  0.00240625
         879     0.99012  0.00258109
         880    0.989517  0.00255002
         881    0.987843  0.00241791
         882    0.986797  0.00254098
         883    0.984761  0.00243644
         884     0.98673  0.00247188
         885     0.98846    0.002511
         886    0.989286  0.00245615
         887     0.98786  0.00253111
         888     0.98644  0.00251402
         889    0.985758  0.00232261
         890    0.990004   0.0025388
         891    0.987391  0.00245968
         892    0.985246  0.00244369
         893    0.986816  0.00227873
         894    0.987767  0.00246747
         895    0.988872  0.00215939
         896    0.987812  0.00218807
         897    0.986533  0.00210345
         898    0.985577  0.00244392
         899    0.985879  0.00234837
         900    0.986465   0.0021096
         901    0.989085  0.00217604
         902    0.990721  0.00232264
         903    0.988649  0.00253134
         904    0.989887  0.00238111
         905    0.988858  0.00218604
         906    0.987805  0.00223813
         907    0.987456  0.00226919
         908    0.990908  0.00232291
         909    0.990294  0.00230677
         910    0.988206  0.00231119
         911    0.988667  0.00217197
         912    0.986019   0.0021827
         913    0.987257  0.00219243
         914    0.989253  0.00242478
         915    0.987677  0.00232537
         916     0.98531  0.00245086
         917    0.985401  0.00268609
         918     0.98653  0.00250915
         919     0.98723  0.00246139
         920    0.985445  0.00254309
         921    0.989039  0.00253432
         922    0.987755  0.00251134
         923    0.990031  0.00234045
         924    0.990114  0.00250323
         925    0.988607  0.00232463
         926    0.986597  0.00204859
         927    0.987746  0.00215407
         928    0.987338  0.00225796
         929    0.986753  0.00240822
         930    0.985427  0.00250662
         931    0.987421  0.00225331
         932    0.986885  0.00225565
         933    0.987384  0.00214012
         934    0.985538  0.00214744
         935    0.986262  0.00246621
         936    0.986653   0.0022492
         937    0.986266  0.00198989
         938    0.987495  0.00224021
         939    0.987606  0.00257609
         940    0.984408  0.00216716
         941    0.986376  0.00224712
         942    0.985552  0.00227108
         943    0.985472  0.00240017
         944    0.986234  0.00220469
         945     0.98611  0.00218687
         946    0.985895  0.00219219
         947    0.984564  0.00217326
         948    0.985847  0.00227086
         949    0.984234  0.00234183
         950    0.986088  0.00235428
         951    0.986099  0.00233531
         952    0.986297  0.00234207
         953    0.985448   0.0023037
         954    0.986115   0.0024236
         955    0.985707  0.00230826
         956    0.985799  0.00228218
         957    0.985469  0.00211944
         958    0.986436  0.00215902
         959    0.985689  0.00205824
         960    0.984239  0.00212387
         961    0.985082  0.00228093
         962    0.984189  0.00240862
         963    0.982154  0.00238312
         964    0.982587  0.00215846
         965    0.983225   0.0020755
         966    0.982839  0.00190709
         967    0.985196  0.00209263
         968    0.982369  0.00191188
         969    0.983346  0.00199708
         970    0.984796  0.00191572
         971    0.984805  0.00190796
         972     0.98523  0.00206547
         973    0.984319  0.00198493
         974    0.985208  0.00216693
         975    0.984708  0.00186518
         976    0.985429  0.00172065
         977    0.983669  0.00186862
         978    0.984088    0.001976
         979    0.985488  0.00193691
         980    0.986331    0.001906
         981    0.986738  0.00185404
         982    0.986827   0.0018761
         983    0.986992  0.00186621
         984     0.98617  0.00188894
         985    0.986867  0.00206364
         986    0.987971  0.00224526
         987     0.98898  0.00233503
         988    0.989603  0.00206583
         989    0.988477  0.00214295
         990    0.989875  0.00225459
         991    0.987637  0.00222664
         992    0.987693  0.00243868
         993    0.986514  0.00227022
         994     0.98663  0.00247487
         995    0.989051  0.00260137
         996    0.988127  0.00225143
         997    0.989594  0.00246013
         998    0.988896  0.00224892
         999    0.990059  0.00223785
